#	X	Y	Z
  0.00000  10.44000   1.50402
  0.10010  10.73703   1.51668
  0.20020  11.03109   1.52948
  0.30030  11.32157   1.54243
  0.40040  11.60789   1.55552
  0.50050  11.88949   1.56875
  0.60060  12.16586   1.58212
  0.70070  12.43651   1.59564
  0.80080  12.70102   1.60929
  0.90090  12.95899   1.62309
  1.00100  13.21007   1.63702
  1.10110  13.45397   1.65109
  1.20120  13.69044   1.66531
  1.30130  13.91926   1.67966
  1.40140  14.14027   1.69415
  1.50150  14.35336   1.70877
  1.60160  14.55844   1.72354
  1.70170  14.75547   1.73844
  1.80180  14.94445   1.75348
  1.90190  15.12542   1.76865
  2.00200  15.29842   1.78397
  2.10210  15.46356   1.79942
  2.20220  15.62094   1.81501
  2.30230  15.77071   1.83074
  2.40240  15.91303   1.84660
  2.50250  16.04806   1.86260
  2.60260  16.17599   1.87874
  2.70270  16.29703   1.89502
  2.80280  16.41139   1.91143
  2.90290  16.51927   1.92799
  3.00300  16.62091   1.94468
  3.10310  16.71653   1.96151
  3.20320  16.80635   1.97848
  3.30330  16.89061   1.99559
  3.40340  16.96952   2.01284
  3.50350  17.04332   2.03022
  3.60360  17.11222   2.04775
  3.70370  17.17644   2.06542
  3.80380  17.23619   2.08323
  3.90390  17.29168   2.10118
  4.00400  17.34311   2.11928
  4.10410  17.39068   2.13751
  4.20420  17.43457   2.15589
  4.30430  17.47497   2.17441
  4.40440  17.51204   2.19307
  4.50450  17.54596   2.21188
  4.60460  17.57690   2.23082
  4.70470  17.60499   2.24992
  4.80480  17.63039   2.26916
  4.90490  17.65324   2.28854
  5.00501  17.67367   2.30807
  5.10511  17.69182   2.32774
  5.20521  17.70779   2.34756
  5.30531  17.72171   2.36753
  5.40541  17.73368   2.38764
  5.50551  17.74381   2.40790
  5.60561  17.75220   2.42831
  5.70571  17.75894   2.44887
  5.80581  17.76410   2.46957
  5.90591  17.76779   2.49042
  6.00601  17.77007   2.51143
  6.10611  17.77102   2.53258
  6.20621  17.77071   2.55388
  6.30631  17.76919   2.57533
  6.40641  17.76655   2.59693
  6.50651  17.76282   2.61868
  6.60661  17.75808   2.64059
  6.70671  17.75235   2.66264
  6.80681  17.74571   2.68485
  6.90691  17.73819   2.70721
  7.00701  17.72983   2.72972
  7.10711  17.72067   2.75238
  7.20721  17.71075   2.77520
  7.30731  17.70011   2.79817
  7.40741  17.68878   2.82129
  7.50751  17.67678   2.84457
  7.60761  17.66416   2.86800
  7.70771  17.65093   2.89158
  7.80781  17.63712   2.91532
  7.90791  17.62276   2.93921
  8.00801  17.60786   2.96326
  8.10811  17.59245   2.98746
  8.20821  17.57655   3.01182
  8.30831  17.56018   3.03633
  8.40841  17.54334   3.06099
  8.50851  17.52607   3.08581
  8.60861  17.50837   3.11079
  8.70871  17.49026   3.13592
  8.80881  17.47175   3.16120
  8.90891  17.45285   3.18664
  9.00901  17.43357   3.21224
  9.10911  17.41393   3.23799
  9.20921  17.39394   3.26389
  9.30931  17.37360   3.28995
  9.40941  17.35292   3.31617
  9.50951  17.33191   3.34254
  9.60961  17.31058   3.36906
  9.70971  17.28893   3.39574
  9.80981  17.26697   3.42257
  9.90991  17.24471   3.44956
 10.01001  17.22216   3.47670
 10.11011  17.19931   3.50399
 10.21021  17.17617   3.53143
 10.31031  17.15275   3.55903
 10.41041  17.12905   3.58678
 10.51051  17.10508   3.61468
 10.61061  17.08083   3.64273
 10.71071  17.05631   3.67094
 10.81081  17.03153   3.69929
 10.91091  17.00648   3.72780
 11.01101  16.98117   3.75645
 11.11111  16.95561   3.78525
 11.21121  16.92979   3.81420
 11.31131  16.90371   3.84330
 11.41141  16.87738   3.87255
 11.51151  16.85080   3.90194
 11.61161  16.82396   3.93148
 11.71171  16.79688   3.96116
 11.81181  16.76955   3.99098
 11.91191  16.74197   4.02095
 12.01201  16.71415   4.05107
 12.11211  16.68608   4.08132
 12.21221  16.65777   4.11171
 12.31231  16.62921   4.14224
 12.41241  16.60041   4.17292
 12.51251  16.57137   4.20372
 12.61261  16.54208   4.23467
 12.71271  16.51255   4.26575
 12.81281  16.48278   4.29696
 12.91291  16.45276   4.32831
 13.01301  16.42250   4.35979
 13.11311  16.39200   4.39140
 13.21321  16.36126   4.42313
 13.31331  16.33028   4.45500
 13.41341  16.29905   4.48699
 13.51351  16.26758   4.51910
 13.61361  16.23587   4.55134
 13.71371  16.20391   4.58370
 13.81381  16.17171   4.61618
 13.91391  16.13927   4.64878
 14.01401  16.10658   4.68150
 14.11411  16.07365   4.71433
 14.21421  16.04048   4.74727
 14.31431  16.00706   4.78032
 14.41441  15.97340   4.81348
 14.51451  15.93949   4.84675
 14.61461  15.90533   4.88013
 14.71471  15.87093   4.91361
 14.81481  15.83629   4.94719
 14.91491  15.80139   4.98087
 15.01502  15.76625   5.01464
 15.11512  15.73086   5.04851
 15.21522  15.69523   5.08248
 15.31532  15.65934   5.11653
 15.41542  15.62321   5.15067
 15.51552  15.58683   5.18490
 15.61562  15.55020   5.21920
 15.71572  15.51332   5.25359
 15.81582  15.47619   5.28806
 15.91592  15.43881   5.32260
 16.01602  15.40118   5.35721
 16.11612  15.36330   5.39189
 16.21622  15.32517   5.42664
 16.31632  15.28679   5.46145
 16.41642  15.24816   5.49632
 16.51652  15.20928   5.53125
 16.61662  15.17015   5.56623
 16.71672  15.13076   5.60126
 16.81682  15.09113   5.63635
 16.91692  15.05124   5.67147
 17.01702  15.01110   5.70664
 17.11712  14.97071   5.74185
 17.21722  14.93007   5.77709
 17.31732  14.88917   5.81236
 17.41742  14.84803   5.84766
 17.51752  14.80663   5.88298
 17.61762  14.76499   5.91833
 17.71772  14.72309   5.95369
 17.81782  14.68094   5.98906
 17.91792  14.63854   6.02444
 18.01802  14.59589   6.05983
 18.11812  14.55300   6.09521
 18.21822  14.50985   6.13060
 18.31832  14.46645   6.16598
 18.41842  14.42281   6.20134
 18.51852  14.37892   6.23669
 18.61862  14.33478   6.27202
 18.71872  14.29039   6.30733
 18.81882  14.24576   6.34261
 18.91892  14.20088   6.37785
 19.01902  14.15576   6.41306
 19.11912  14.11039   6.44823
 19.21922  14.06478   6.48335
 19.31932  14.01893   6.51841
 19.41942  13.97284   6.55342
 19.51952  13.92651   6.58837
 19.61962  13.87994   6.62326
 19.71972  13.83313   6.65807
 19.81982  13.78608   6.69281
 19.91992  13.73880   6.72747
 20.02002  13.69129   6.76204
 20.12012  13.64354   6.79652
 20.22022  13.59556   6.83090
 20.32032  13.54736   6.86519
 20.42042  13.49892   6.89936
 20.52052  13.45026   6.93343
 20.62062  13.40137   6.96737
 20.72072  13.35226   7.00120
 20.82082  13.30293   7.03489
 20.92092  13.25338   7.06845
 21.02102  13.20361   7.10188
 21.12112  13.15362   7.13515
 21.22122  13.10343   7.16828
 21.32132  13.05302   7.20125
 21.42142  13.00240   7.23406
 21.52152  12.95158   7.26670
 21.62162  12.90055   7.29916
 21.72172  12.84933   7.33145
 21.82182  12.79790   7.36355
 21.92192  12.74628   7.39546
 22.02202  12.69446   7.42717
 22.12212  12.64246   7.45868
 22.22222  12.59027   7.48998
 22.32232  12.53789   7.52106
 22.42242  12.48533   7.55192
 22.52252  12.43260   7.58255
 22.62262  12.37969   7.61295
 22.72272  12.32660   7.64311
 22.82282  12.27336   7.67303
 22.92292  12.21994   7.70269
 23.02302  12.16637   7.73209
 23.12312  12.11264   7.76123
 23.22322  12.05876   7.79010
 23.32332  12.00473   7.81869
 23.42342  11.95055   7.84699
 23.52352  11.89624   7.87501
 23.62362  11.84179   7.90273
 23.72372  11.78720   7.93016
 23.82382  11.73249   7.95727
 23.92392  11.67766   7.98407
 24.02402  11.62271   8.01055
 24.12412  11.56765   8.03670
 24.22422  11.51248   8.06252
 24.32432  11.45721   8.08800
 24.42442  11.40184   8.11314
 24.52452  11.34638   8.13793
 24.62462  11.29083   8.16236
 24.72472  11.23520   8.18643
 24.82482  11.17949   8.21013
 24.92492  11.12371   8.23346
 25.02503  11.06787   8.25641
 25.12513  11.01197   8.27897
 25.22523  10.95602   8.30114
 25.32533  10.90003   8.32292
 25.42543  10.84399   8.34429
 25.52553  10.78792   8.36526
 25.62563  10.73182   8.38581
 25.72573  10.67571   8.40594
 25.82583  10.61958   8.42565
 25.92593  10.56344   8.44494
 26.02603  10.50731   8.46379
 26.12613  10.45118   8.48220
 26.22623  10.39507   8.50017
 26.32633  10.33898   8.51768
 26.42643  10.28291   8.53475
 26.52653  10.22689   8.55136
 26.62663  10.17091   8.56751
 26.72673  10.11499   8.58320
 26.82683  10.05912   8.59841
 26.92693  10.00332   8.61315
 27.02703   9.94760   8.62741
 27.12713   9.89196   8.64120
 27.22723   9.83642   8.65449
 27.32733   9.78098   8.66730
 27.42743   9.72564   8.67962
 27.52753   9.67043   8.69145
 27.62763   9.61534   8.70278
 27.72773   9.56038   8.71361
 27.82783   9.50558   8.72393
 27.92793   9.45092   8.73376
 28.02803   9.39642   8.74307
 28.12813   9.34210   8.75188
 28.22823   9.28796   8.76018
 28.32833   9.23400   8.76796
 28.42843   9.18025   8.77524
 28.52853   9.12670   8.78200
 28.62863   9.07337   8.78824
 28.72873   9.02027   8.79397
 28.82883   8.96740   8.79919
 28.92893   8.91477   8.80388
 29.02903   8.86241   8.80807
 29.12913   8.81030   8.81173
 29.22923   8.75847   8.81489
 29.32933   8.70692   8.81752
 29.42943   8.65567   8.81965
 29.52953   8.60472   8.82126
 29.62963   8.55408   8.82236
 29.72973   8.50376   8.82295
 29.82983   8.45378   8.82304
 29.92993   8.40413   8.82262
 30.03003   8.35484   8.82170
 30.13013   8.30590   8.82029
 30.23023   8.25734   8.81837
 30.33033   8.20915   8.81597
 30.43043   8.16136   8.81307
 30.53053   8.11396   8.80970
 30.63063   8.06697   8.80584
 30.73073   8.02039   8.80150
 30.83083   7.97425   8.79669
 30.93093   7.92853   8.79142
 31.03103   7.88326   8.78569
 31.13113   7.83845   8.77950
 31.23123   7.79409   8.77286
 31.33133   7.75021   8.76578
 31.43143   7.70681   8.75826
 31.53153   7.66389   8.75031
 31.63163   7.62147   8.74193
 31.73173   7.57956   8.73314
 31.83183   7.53815   8.72394
 31.93193   7.49727   8.71434
 32.03203   7.45692   8.70434
 32.13213   7.41711   8.69395
 32.23223   7.37784   8.68319
 32.33233   7.33912   8.67206
 32.43243   7.30096   8.66057
 32.53253   7.26337   8.64872
 32.63263   7.22635   8.63654
 32.73273   7.18991   8.62402
 32.83283   7.15405   8.61117
 32.93293   7.11879   8.59801
 33.03303   7.08413   8.58455
 33.13313   7.05007   8.57079
 33.23323   7.01663   8.55674
 33.33333   6.98380   8.54242
 33.43343   6.95160   8.52784
 33.53353   6.92002   8.51300
 33.63363   6.88907   8.49792
 33.73373   6.85876   8.48261
 33.83383   6.82909   8.46707
 33.93393   6.80007   8.45133
 34.03403   6.77170   8.43538
 34.13413   6.74398   8.41925
 34.23423   6.71692   8.40294
 34.33433   6.69052   8.38646
 34.43443   6.66478   8.36982
 34.53453   6.63971   8.35305
 34.63463   6.61532   8.33613
 34.73473   6.59159   8.31910
 34.83483   6.56854   8.30195
 34.93493   6.54616   8.28471
 35.03504   6.52447   8.26737
 35.13514   6.50345   8.24996
 35.23524   6.48312   8.23248
 35.33534   6.46347   8.21495
 35.43544   6.44450   8.19737
 35.53554   6.42622   8.17975
 35.63564   6.40862   8.16211
 35.73574   6.39171   8.14446
 35.83584   6.37548   8.12681
 35.93594   6.35993   8.10916
 36.03604   6.34508   8.09153
 36.13614   6.33090   8.07393
 36.23624   6.31741   8.05636
 36.33634   6.30460   8.03885
 36.43644   6.29247   8.02139
 36.53654   6.28102   8.00399
 36.63664   6.27025   7.98668
 36.73674   6.26016   7.96944
 36.83684   6.25073   7.95230
 36.93694   6.24198   7.93527
 37.03704   6.23390   7.91834
 37.13714   6.22649   7.90153
 37.23724   6.21973   7.88485
 37.33734   6.21364   7.86831
 37.43744   6.20821   7.85190
 37.53754   6.20342   7.83565
 37.63764   6.19929   7.81956
 37.73774   6.19580   7.80363
 37.83784   6.19296   7.78787
 37.93794   6.19075   7.77229
 38.03804   6.18918   7.75689
 38.13814   6.18823   7.74169
 38.23824   6.18791   7.72668
 38.33834   6.18821   7.71187
 38.43844   6.18912   7.69727
 38.53854   6.19064   7.68288
 38.63864   6.19277   7.66872
 38.73874   6.19549   7.65477
 38.83884   6.19880   7.64105
 38.93894   6.20270   7.62756
 39.03904   6.20718   7.61431
 39.13914   6.21223   7.60130
 39.23924   6.21785   7.58853
 39.33934   6.22403   7.57601
 39.43944   6.23076   7.56374
 39.53954   6.23804   7.55172
 39.63964   6.24586   7.53996
 39.73974   6.25421   7.52845
 39.83984   6.26308   7.51721
 39.93994   6.27247   7.50623
 40.04004   6.28237   7.49552
 40.14014   6.29277   7.48507
 40.24024   6.30367   7.47489
 40.34034   6.31505   7.46498
 40.44044   6.32690   7.45535
 40.54054   6.33923   7.44599
 40.64064   6.35201   7.43690
 40.74074   6.36524   7.42808
 40.84084   6.37892   7.41955
 40.94094   6.39303   7.41128
 41.04104   6.40756   7.40330
 41.14114   6.42250   7.39559
 41.24124   6.43785   7.38815
 41.34134   6.45360   7.38099
 41.44144   6.46972   7.37411
 41.54154   6.48623   7.36750
 41.64164   6.50310   7.36117
 41.74174   6.52032   7.35511
 41.84184   6.53788   7.34933
 41.94194   6.55578   7.34382
 42.04204   6.57401   7.33858
 42.14214   6.59254   7.33361
 42.24224   6.61138   7.32890
 42.34234   6.63051   7.32447
 42.44244   6.64991   7.32030
 42.54254   6.66959   7.31640
 42.64264   6.68953   7.31276
 42.74274   6.70971   7.30938
 42.84284   6.73012   7.30626
 42.94294   6.75076   7.30339
 43.04304   6.77161   7.30078
 43.14314   6.79267   7.29843
 43.24324   6.81391   7.29632
 43.34334   6.83533   7.29446
 43.44344   6.85691   7.29285
 43.54354   6.87865   7.29148
 43.64364   6.90053   7.29036
 43.74374   6.92254   7.28947
 43.84384   6.94467   7.28881
 43.94394   6.96691   7.28839
 44.04404   6.98924   7.28820
 44.14414   7.01165   7.28824
 44.24424   7.03414   7.28851
 44.34434   7.05669   7.28899
 44.44444   7.07928   7.28969
 44.54454   7.10191   7.29061
 44.64464   7.12456   7.29174
 44.74474   7.14723   7.29309
 44.84484   7.16990   7.29463
 44.94494   7.19256   7.29638
 45.04505   7.21519   7.29834
 45.14515   7.23779   7.30048
 45.24525   7.26035   7.30283
 45.34535   7.28285   7.30536
 45.44545   7.30529   7.30808
 45.54555   7.32764   7.31098
 45.64565   7.34991   7.31407
 45.74575   7.37208   7.31733
 45.84585   7.39414   7.32076
 45.94595   7.41607   7.32437
 46.04605   7.43788   7.32814
 46.14615   7.45954   7.33208
 46.24625   7.48106   7.33617
 46.34635   7.50241   7.34042
 46.44645   7.52359   7.34483
 46.54655   7.54459   7.34938
 46.64665   7.56540   7.35408
 46.74675   7.58601   7.35892
 46.84685   7.60641   7.36390
 46.94695   7.62660   7.36902
 47.04705   7.64656   7.37426
 47.14715   7.66628   7.37964
 47.24725   7.68576   7.38514
 47.34735   7.70500   7.39076
 47.44745   7.72397   7.39650
 47.54755   7.74269   7.40235
 47.64765   7.76112   7.40831
 47.74775   7.77928   7.41438
 47.84785   7.79715   7.42055
 47.94795   7.81473   7.42683
 48.04805   7.83201   7.43319
 48.14815   7.84899   7.43965
 48.24825   7.86565   7.44620
 48.34835   7.88200   7.45284
 48.44845   7.89802   7.45956
 48.54855   7.91372   7.46635
 48.64865   7.92908   7.47322
 48.74875   7.94411   7.48017
 48.84885   7.95880   7.48718
 48.94895   7.97314   7.49425
 49.04905   7.98713   7.50139
 49.14915   8.00077   7.50858
 49.24925   8.01405   7.51583
 49.34935   8.02698   7.52313
 49.44945   8.03954   7.53048
 49.54955   8.05174   7.53787
 49.64965   8.06357   7.54530
 49.74975   8.07503   7.55277
 49.84985   8.08612   7.56027
 49.94995   8.09684   7.56781
 50.05005   8.10718   7.57537
 50.15015   8.11715   7.58295
 50.25025   8.12674   7.59056
 50.35035   8.13595   7.59819
 50.45045   8.14479   7.60583
 50.55055   8.15325   7.61348
 50.65065   8.16133   7.62113
 50.75075   8.16903   7.62880
 50.85085   8.17635   7.63646
 50.95095   8.18330   7.64413
 51.05105   8.18987   7.65179
 51.15115   8.19606   7.65944
 51.25125   8.20188   7.66709
 51.35135   8.20733   7.67472
 51.45145   8.21241   7.68233
 51.55155   8.21711   7.68993
 51.65165   8.22145   7.69750
 51.75175   8.22542   7.70505
 51.85185   8.22903   7.71258
 51.95195   8.23227   7.72007
 52.05205   8.23516   7.72753
 52.15215   8.23769   7.73495
 52.25225   8.23986   7.74233
 52.35235   8.24169   7.74968
 52.45245   8.24316   7.75698
 52.55255   8.24430   7.76423
 52.65265   8.24509   7.77144
 52.75275   8.24554   7.77859
 52.85285   8.24566   7.78569
 52.95295   8.24545   7.79273
 53.05305   8.24491   7.79972
 53.15315   8.24405   7.80664
 53.25325   8.24287   7.81350
 53.35335   8.24138   7.82030
 53.45345   8.23958   7.82703
 53.55355   8.23747   7.83368
 53.65365   8.23506   7.84027
 53.75375   8.23235   7.84678
 53.85385   8.22935   7.85322
 53.95395   8.22607   7.85957
 54.05405   8.22250   7.86585
 54.15415   8.21865   7.87204
 54.25425   8.21453   7.87815
 54.35435   8.21014   7.88417
 54.45445   8.20549   7.89011
 54.55455   8.20058   7.89596
 54.65465   8.19542   7.90171
 54.75475   8.19001   7.90737
 54.85485   8.18436   7.91294
 54.95495   8.17847   7.91841
 55.05506   8.17234   7.92378
 55.15516   8.16599   7.92906
 55.25526   8.15942   7.93423
 55.35536   8.15264   7.93930
 55.45546   8.14564   7.94427
 55.55556   8.13844   7.94914
 55.65566   8.13104   7.95389
 55.75576   8.12345   7.95854
 55.85586   8.11566   7.96309
 55.95596   8.10770   7.96752
 56.05606   8.09955   7.97184
 56.15616   8.09124   7.97606
 56.25626   8.08275   7.98016
 56.35636   8.07411   7.98414
 56.45646   8.06531   7.98802
 56.55656   8.05636   7.99177
 56.65666   8.04727   7.99542
 56.75676   8.03804   7.99895
 56.85686   8.02867   8.00236
 56.95696   8.01918   8.00565
 57.05706   8.00956   8.00883
 57.15716   7.99983   8.01188
 57.25726   7.98999   8.01482
 57.35736   7.98004   8.01765
 57.45746   7.96999   8.02035
 57.55756   7.95984   8.02293
 57.65766   7.94961   8.02539
 57.75776   7.93929   8.02774
 57.85786   7.92889   8.02996
 57.95796   7.91842   8.03207
 58.05806   7.90788   8.03405
 58.15816   7.89728   8.03592
 58.25826   7.88662   8.03767
 58.35836   7.87590   8.03929
 58.45846   7.86514   8.04080
 58.55856   7.85433   8.04219
 58.65866   7.84349   8.04346
 58.75876   7.83262   8.04462
 58.85886   7.82171   8.04565
 58.95896   7.81079   8.04657
 59.05906   7.79985   8.04737
 59.15916   7.78889   8.04806
 59.25926   7.77792   8.04863
 59.35936   7.76696   8.04909
 59.45946   7.75599   8.04944
 59.55956   7.74503   8.04967
 59.65966   7.73408   8.04979
 59.75976   7.72314   8.04979
 59.85986   7.71222   8.04969
 59.95996   7.70133   8.04948
 60.06006   7.69046   8.04916
 60.16016   7.67963   8.04873
 60.26026   7.66884   8.04820
 60.36036   7.65808   8.04756
 60.46046   7.64737   8.04682
 60.56056   7.63671   8.04598
 60.66066   7.62610   8.04503
 60.76076   7.61555   8.04399
 60.86086   7.60506   8.04285
 60.96096   7.59463   8.04161
 61.06106   7.58428   8.04027
 61.16116   7.57399   8.03884
 61.26126   7.56378   8.03732
 61.36136   7.55365   8.03570
 61.46146   7.54360   8.03400
 61.56156   7.53364   8.03221
 61.66166   7.52377   8.03033
 61.76176   7.51399   8.02837
 61.86186   7.50431   8.02632
 61.96196   7.49473   8.02419
 62.06206   7.48524   8.02199
 62.16216   7.47587   8.01970
 62.26226   7.46660   8.01734
 62.36236   7.45744   8.01491
 62.46246   7.44840   8.01240
 62.56256   7.43947   8.00982
 62.66266   7.43067   8.00717
 62.76276   7.42198   8.00446
 62.86286   7.41342   8.00168
 62.96296   7.40498   7.99884
 63.06306   7.39668   7.99593
 63.16316   7.38850   7.99297
 63.26326   7.38046   7.98995
 63.36336   7.37255   7.98688
 63.46346   7.36479   7.98375
 63.56356   7.35716   7.98057
 63.66366   7.34967   7.97734
 63.76376   7.34233   7.97407
 63.86386   7.33513   7.97075
 63.96396   7.32808   7.96738
 64.06406   7.32117   7.96398
 64.16416   7.31442   7.96054
 64.26426   7.30782   7.95705
 64.36436   7.30137   7.95354
 64.46446   7.29507   7.94999
 64.56456   7.28893   7.94641
 64.66466   7.28295   7.94280
 64.76476   7.27712   7.93916
 64.86486   7.27146   7.93550
 64.96496   7.26595   7.93182
 65.06507   7.26060   7.92811
 65.16517   7.25541   7.92439
 65.26527   7.25039   7.92065
 65.36537   7.24553   7.91689
 65.46547   7.24083   7.91312
 65.56557   7.23629   7.90934
 65.66567   7.23192   7.90555
 65.76577   7.22771   7.90175
 65.86587   7.22367   7.89795
 65.96597   7.21979   7.89415
 66.06607   7.21608   7.89034
 66.16617   7.21253   7.88653
 66.26627   7.20915   7.88273
 66.36637   7.20593   7.87892
 66.46647   7.20287   7.87513
 66.56657   7.19999   7.87134
 66.66667   7.19726   7.86756
 66.76677   7.19470   7.86379
 66.86687   7.19230   7.86004
 66.96697   7.19007   7.85629
 67.06707   7.18800   7.85257
 67.16717   7.18609   7.84886
 67.26727   7.18434   7.84517
 67.36737   7.18276   7.84150
 67.46747   7.18133   7.83785
 67.56757   7.18006   7.83423
 67.66767   7.17895   7.83063
 67.76777   7.17800   7.82706
 67.86787   7.17721   7.82352
 67.96797   7.17657   7.82001
 68.06807   7.17608   7.81652
 68.16817   7.17574   7.81307
 68.26827   7.17556   7.80966
 68.36837   7.17553   7.80627
 68.46847   7.17565   7.80293
 68.56857   7.17591   7.79962
 68.66867   7.17632   7.79635
 68.76877   7.17688   7.79312
 68.86887   7.17757   7.78993
 68.96897   7.17841   7.78678
 69.06907   7.17939   7.78367
 69.16917   7.18051   7.78061
 69.26927   7.18176   7.77760
 69.36937   7.18315   7.77463
 69.46947   7.18467   7.77170
 69.56957   7.18632   7.76882
 69.66967   7.18810   7.76600
 69.76977   7.19001   7.76322
 69.86987   7.19204   7.76049
 69.96997   7.19419   7.75781
 70.07007   7.19647   7.75518
 70.17017   7.19886   7.75261
 70.27027   7.20137   7.75009
 70.37037   7.20400   7.74762
 70.47047   7.20673   7.74521
 70.57057   7.20958   7.74285
 70.67067   7.21254   7.74055
 70.77077   7.21559   7.73830
 70.87087   7.21876   7.73611
 70.97097   7.22202   7.73397
 71.07107   7.22538   7.73189
 71.17117   7.22884   7.72987
 71.27127   7.23239   7.72791
 71.37137   7.23603   7.72601
 71.47147   7.23976   7.72416
 71.57157   7.24357   7.72237
 71.67167   7.24747   7.72064
 71.77177   7.25145   7.71897
 71.87187   7.25551   7.71736
 71.97197   7.25964   7.71581
 72.07207   7.26385   7.71431
 72.17217   7.26812   7.71288
 72.27227   7.27247   7.71151
 72.37237   7.27688   7.71019
 72.47247   7.28135   7.70894
 72.57257   7.28588   7.70774
 72.67267   7.29047   7.70660
 72.77277   7.29512   7.70553
 72.87287   7.29982   7.70451
 72.97297   7.30456   7.70355
 73.07307   7.30936   7.70265
 73.17317   7.31420   7.70181
 73.27327   7.31907   7.70102
 73.37337   7.32399   7.70029
 73.47347   7.32895   7.69963
 73.57357   7.33394   7.69902
 73.67367   7.33896   7.69846
 73.77377   7.34400   7.69797
 73.87387   7.34908   7.69752
 73.97397   7.35418   7.69714
 74.07407   7.35929   7.69681
 74.17417   7.36443   7.69654
 74.27427   7.36958   7.69632
 74.37437   7.37475   7.69615
 74.47447   7.37992   7.69604
 74.57457   7.38510   7.69599
 74.67467   7.39029   7.69598
 74.77477   7.39548   7.69603
 74.87487   7.40068   7.69613
 74.97497   7.40587   7.69628
 75.07508   7.41105   7.69648
 75.17518   7.41623   7.69673
 75.27528   7.42140   7.69703
 75.37538   7.42656   7.69738
 75.47548   7.43171   7.69778
 75.57558   7.43684   7.69822
 75.67568   7.44195   7.69871
 75.77578   7.44704   7.69925
 75.87588   7.45211   7.69983
 75.97598   7.45715   7.70046
 76.07608   7.46217   7.70113
 76.17618   7.46716   7.70184
 76.27628   7.47212   7.70260
 76.37638   7.47704   7.70340
 76.47648   7.48193   7.70424
 76.57658   7.48678   7.70512
 76.67668   7.49160   7.70603
 76.77678   7.49637   7.70699
 76.87688   7.50110   7.70798
 76.97698   7.50579   7.70901
 77.07708   7.51043   7.71008
 77.17718   7.51502   7.71118
 77.27728   7.51956   7.71232
 77.37738   7.52405   7.71349
 77.47748   7.52849   7.71469
 77.57758   7.53287   7.71592
 77.67768   7.53720   7.71718
 77.77778   7.54147   7.71848
 77.87788   7.54568   7.71980
 77.97798   7.54983   7.72115
 78.07808   7.55392   7.72253
 78.17818   7.55795   7.72394
 78.27828   7.56191   7.72537
 78.37838   7.56580   7.72683
 78.47848   7.56963   7.72831
 78.57858   7.57339   7.72981
 78.67868   7.57709   7.73133
 78.77878   7.58071   7.73288
 78.87888   7.58426   7.73445
 78.97898   7.58774   7.73603
 79.07908   7.59115   7.73764
 79.17918   7.59448   7.73926
 79.27928   7.59774   7.74090
 79.37938   7.60092   7.74255
 79.47948   7.60403   7.74422
 79.57958   7.60705   7.74591
 79.67968   7.61001   7.74760
 79.77978   7.61288   7.74931
 79.87988   7.61568   7.75103
 79.97998   7.61839   7.75276
 80.08008   7.62103   7.75451
 80.18018   7.62358   7.75626
 80.28028   7.62606   7.75801
 80.38038   7.62845   7.75978
 80.48048   7.63076   7.76155
 80.58058   7.63300   7.76333
 80.68068   7.63515   7.76511
 80.78078   7.63721   7.76690
 80.88088   7.63920   7.76868
 80.98098   7.64110   7.77047
 81.08108   7.64292   7.77227
 81.18118   7.64466   7.77406
 81.28128   7.64632   7.77585
 81.38138   7.64789   7.77764
 81.48148   7.64938   7.77943
 81.58158   7.65079   7.78122
 81.68168   7.65212   7.78300
 81.78178   7.65336   7.78478
 81.88188   7.65453   7.78656
 81.98198   7.65561   7.78833
 82.08208   7.65661   7.79009
 82.18218   7.65754   7.79185
 82.28228   7.65838   7.79360
 82.38238   7.65914   7.79534
 82.48248   7.65982   7.79707
 82.58258   7.66043   7.79879
 82.68268   7.66095   7.80050
 82.78278   7.66140   7.80220
 82.88288   7.66177   7.80389
 82.98298   7.66206   7.80556
 83.08308   7.66228   7.80722
 83.18318   7.66242   7.80887
 83.28328   7.66249   7.81051
 83.38338   7.66248   7.81213
 83.48348   7.66241   7.81373
 83.58358   7.66225   7.81532
 83.68368   7.66203   7.81689
 83.78378   7.66174   7.81845
 83.88388   7.66137   7.81998
 83.98398   7.66094   7.82150
 84.08408   7.66044   7.82300
 84.18418   7.65987   7.82448
 84.28428   7.65923   7.82594
 84.38438   7.65853   7.82739
 84.48448   7.65777   7.82881
 84.58458   7.65694   7.83021
 84.68468   7.65605   7.83159
 84.78478   7.65509   7.83294
 84.88488   7.65408   7.83428
 84.98498   7.65301   7.83559
 85.08509   7.65188   7.83688
 85.18519   7.65069   7.83814
 85.28529   7.64945   7.83939
 85.38539   7.64815   7.84061
 85.48549   7.64679   7.84180
 85.58559   7.64539   7.84297
 85.68569   7.64393   7.84411
 85.78579   7.64243   7.84523
 85.88589   7.64087   7.84633
 85.98599   7.63927   7.84739
 86.08609   7.63762   7.84844
 86.18619   7.63592   7.84945
 86.28629   7.63418   7.85044
 86.38639   7.63240   7.85140
 86.48649   7.63057   7.85234
 86.58659   7.62871   7.85325
 86.68669   7.62680   7.85413
 86.78679   7.62486   7.85498
 86.88689   7.62288   7.85581
 86.98699   7.62086   7.85661
 87.08709   7.61881   7.85738
 87.18719   7.61673   7.85813
 87.28729   7.61462   7.85884
 87.38739   7.61247   7.85953
 87.48749   7.61030   7.86019
 87.58759   7.60809   7.86083
 87.68769   7.60586   7.86143
 87.78779   7.60361   7.86201
 87.88789   7.60133   7.86256
 87.98799   7.59903   7.86308
 88.08809   7.59671   7.86357
 88.18819   7.59436   7.86404
 88.28829   7.59200   7.86448
 88.38839   7.58962   7.86489
 88.48849   7.58722   7.86527
 88.58859   7.58481   7.86562
 88.68869   7.58238   7.86595
 88.78879   7.57994   7.86625
 88.88889   7.57749   7.86652
 88.98899   7.57503   7.86676
 89.08909   7.57256   7.86698
 89.18919   7.57008   7.86717
 89.28929   7.56759   7.86734
 89.38939   7.56510   7.86747
 89.48949   7.56261   7.86759
 89.58959   7.56011   7.86767
 89.68969   7.55760   7.86773
 89.78979   7.55510   7.86776
 89.88989   7.55260   7.86777
 89.98999   7.55009   7.86775
 90.09009   7.54759   7.86771
 90.19019   7.54510   7.86765
 90.29029   7.54261   7.86755
 90.39039   7.54012   7.86744
 90.49049   7.53764   7.86730
 90.59059   7.53517   7.86713
 90.69069   7.53270   7.86695
 90.79079   7.53025   7.86674
 90.89089   7.52780   7.86651
 90.99099   7.52537   7.86625
 91.09109   7.52295   7.86597
 91.19119   7.52055   7.86567
 91.29129   7.51816   7.86535
 91.39139   7.51578   7.86501
 91.49149   7.51342   7.86465
 91.59159   7.51108   7.86427
 91.69169   7.50875   7.86386
 91.79179   7.50645   7.86344
 91.89189   7.50416   7.86300
 91.99199   7.50190   7.86254
 92.09209   7.49965   7.86206
 92.19219   7.49743   7.86157
 92.29229   7.49523   7.86105
 92.39239   7.49306   7.86052
 92.49249   7.49091   7.85997
 92.59259   7.48879   7.85941
 92.69269   7.48669   7.85882
 92.79279   7.48461   7.85823
 92.89289   7.48257   7.85762
 92.99299   7.48055   7.85699
 93.09309   7.47856   7.85635
 93.19319   7.47661   7.85569
 93.29329   7.47468   7.85502
 93.39339   7.47278   7.85434
 93.49349   7.47091   7.85365
 93.59359   7.46907   7.85294
 93.69369   7.46727   7.85223
 93.79379   7.46549   7.85150
 93.89389   7.46375   7.85076
 93.99399   7.46205   7.85001
 94.09409   7.46038   7.84925
 94.19419   7.45874   7.84848
 94.29429   7.45713   7.84770
 94.39439   7.45557   7.84691
 94.49449   7.45403   7.84611
 94.59459   7.45254   7.84531
 94.69469   7.45108   7.84450
 94.79479   7.44965   7.84368
 94.89489   7.44826   7.84286
 94.99499   7.44691   7.84203
 95.09510   7.44560   7.84119
 95.19520   7.44432   7.84035
 95.29530   7.44308   7.83951
 95.39540   7.44188   7.83866
 95.49550   7.44072   7.83781
 95.59560   7.43959   7.83695
 95.69570   7.43851   7.83609
 95.79580   7.43746   7.83523
 95.89590   7.43645   7.83436
 95.99600   7.43548   7.83350
 96.09610   7.43454   7.83263
 96.19620   7.43365   7.83176
 96.29630   7.43279   7.83090
 96.39640   7.43198   7.83003
 96.49650   7.43120   7.82916
 96.59660   7.43046   7.82829
 96.69670   7.42976   7.82743
 96.79680   7.42910   7.82656
 96.89690   7.42848   7.82570
 96.99700   7.42789   7.82484
 97.09710   7.42735   7.82398
 97.19720   7.42684   7.82313
 97.29730   7.42637   7.82228
 97.39740   7.42594   7.82143
 97.49750   7.42554   7.82059
 97.59760   7.42519   7.81975
 97.69770   7.42487   7.81892
 97.79780   7.42458   7.81809
 97.89790   7.42434   7.81726
 97.99800   7.42413   7.81645
 98.09810   7.42396   7.81564
 98.19820   7.42382   7.81483
 98.29830   7.42372   7.81403
 98.39840   7.42366   7.81324
 98.49850   7.42363   7.81246
 98.59860   7.42364   7.81168
 98.69870   7.42368   7.81091
 98.79880   7.42375   7.81015
 98.89890   7.42386   7.80940
 98.99900   7.42401   7.80866
 99.09910   7.42418   7.80792
 99.19920   7.42439   7.80720
 99.29930   7.42463   7.80648
 99.39940   7.42490   7.80578
 99.49950   7.42521   7.80508
 99.59960   7.42554   7.80440
 99.69970   7.42591   7.80372
 99.79980   7.42631   7.80306
 99.89990   7.42673   7.80240
100.00000   7.42719   7.80176
