#	X	Y	Z
  0.00000  17.64000   0.64541
  0.10010  17.75496   0.65148
  0.20020  17.86303   0.65761
  0.30030  17.96450   0.66380
  0.40040  18.05969   0.67005
  0.50050  18.14888   0.67635
  0.60060  18.23238   0.68271
  0.70070  18.31048   0.68913
  0.80080  18.38345   0.69561
  0.90090  18.45156   0.70215
  1.00100  18.51508   0.70875
  1.10110  18.57426   0.71541
  1.20120  18.62934   0.72213
  1.30130  18.68055   0.72891
  1.40140  18.72812   0.73575
  1.50150  18.77225   0.74266
  1.60160  18.81316   0.74963
  1.70170  18.85102   0.75666
  1.80180  18.88603   0.76376
  1.90190  18.91835   0.77092
  2.00200  18.94815   0.77814
  2.10210  18.97559   0.78543
  2.20220  19.00080   0.79279
  2.30230  19.02393   0.80021
  2.40240  19.04510   0.80770
  2.50250  19.06444   0.81526
  2.60260  19.08206   0.82288
  2.70270  19.09808   0.83058
  2.80280  19.11258   0.83834
  2.90290  19.12567   0.84617
  3.00300  19.13743   0.85407
  3.10310  19.14795   0.86205
  3.20320  19.15730   0.87009
  3.30330  19.16557   0.87821
  3.40340  19.17281   0.88639
  3.50350  19.17909   0.89466
  3.60360  19.18447   0.90299
  3.70370  19.18901   0.91140
  3.80380  19.19276   0.91988
  3.90390  19.19577   0.92844
  4.00400  19.19808   0.93707
  4.10410  19.19974   0.94579
  4.20420  19.20078   0.95457
  4.30430  19.20124   0.96344
  4.40440  19.20116   0.97238
  4.50450  19.20057   0.98140
  4.60460  19.19949   0.99050
  4.70470  19.19796   0.99969
  4.80480  19.19601   1.00895
  4.90490  19.19365   1.01829
  5.00501  19.19091   1.02772
  5.10511  19.18781   1.03722
  5.20521  19.18437   1.04681
  5.30531  19.18061   1.05649
  5.40541  19.17654   1.06624
  5.50551  19.17218   1.07609
  5.60561  19.16754   1.08602
  5.70571  19.16264   1.09603
  5.80581  19.15750   1.10613
  5.90591  19.15211   1.11632
  6.00601  19.14650   1.12660
  6.10611  19.14067   1.13696
  6.20621  19.13463   1.14742
  6.30631  19.12839   1.15796
  6.40641  19.12196   1.16860
  6.50651  19.11535   1.17932
  6.60661  19.10856   1.19014
  6.70671  19.10160   1.20105
  6.80681  19.09447   1.21206
  6.90691  19.08718   1.22316
  7.00701  19.07974   1.23435
  7.10711  19.07215   1.24564
  7.20721  19.06441   1.25702
  7.30731  19.05653   1.26851
  7.40741  19.04851   1.28008
  7.50751  19.04036   1.29176
  7.60761  19.03207   1.30354
  7.70771  19.02366   1.31541
  7.80781  19.01511   1.32738
  7.90791  19.00644   1.33946
  8.00801  18.99765   1.35164
  8.10811  18.98874   1.36392
  8.20821  18.97971   1.37630
  8.30831  18.97056   1.38878
  8.40841  18.96130   1.40137
  8.50851  18.95191   1.41406
  8.60861  18.94242   1.42686
  8.70871  18.93281   1.43977
  8.80881  18.92309   1.45278
  8.90891  18.91326   1.46590
  9.00901  18.90331   1.47913
  9.10911  18.89326   1.49247
  9.20921  18.88310   1.50592
  9.30931  18.87282   1.51948
  9.40941  18.86244   1.53314
  9.50951  18.85195   1.54693
  9.60961  18.84134   1.56082
  9.70971  18.83063   1.57483
  9.80981  18.81981   1.58895
  9.90991  18.80888   1.60318
 10.01001  18.79784   1.61753
 10.11011  18.78669   1.63200
 10.21021  18.77543   1.64658
 10.31031  18.76406   1.66128
 10.41041  18.75258   1.67610
 10.51051  18.74099   1.69104
 10.61061  18.72929   1.70609
 10.71071  18.71747   1.72127
 10.81081  18.70554   1.73657
 10.91091  18.69351   1.75199
 11.01101  18.68135   1.76753
 11.11111  18.66909   1.78320
 11.21121  18.65670   1.79899
 11.31131  18.64421   1.81490
 11.41141  18.63160   1.83094
 11.51151  18.61887   1.84710
 11.61161  18.60602   1.86339
 11.71171  18.59306   1.87981
 11.81181  18.57998   1.89635
 11.91191  18.56678   1.91303
 12.01201  18.55345   1.92983
 12.11211  18.54001   1.94676
 12.21221  18.52645   1.96382
 12.31231  18.51276   1.98102
 12.41241  18.49896   1.99834
 12.51251  18.48502   2.01580
 12.61261  18.47097   2.03339
 12.71271  18.45678   2.05111
 12.81281  18.44247   2.06897
 12.91291  18.42804   2.08696
 13.01301  18.41347   2.10509
 13.11311  18.39878   2.12336
 13.21321  18.38395   2.14176
 13.31331  18.36900   2.16030
 13.41341  18.35391   2.17897
 13.51351  18.33869   2.19779
 13.61361  18.32333   2.21674
 13.71371  18.30784   2.23584
 13.81381  18.29222   2.25507
 13.91391  18.27646   2.27445
 14.01401  18.26056   2.29396
 14.11411  18.24452   2.31362
 14.21421  18.22834   2.33342
 14.31431  18.21202   2.35337
 14.41441  18.19556   2.37346
 14.51451  18.17896   2.39369
 14.61461  18.16221   2.41406
 14.71471  18.14532   2.43459
 14.81481  18.12828   2.45525
 14.91491  18.11110   2.47607
 15.01502  18.09377   2.49703
 15.11512  18.07629   2.51813
 15.21522  18.05866   2.53939
 15.31532  18.04087   2.56079
 15.41542  18.02294   2.58234
 15.51552  18.00485   2.60404
 15.61562  17.98661   2.62589
 15.71572  17.96821   2.64789
 15.81582  17.94966   2.67003
 15.91592  17.93095   2.69233
 16.01602  17.91208   2.71478
 16.11612  17.89305   2.73738
 16.21622  17.87386   2.76013
 16.31632  17.85451   2.78303
 16.41642  17.83500   2.80609
 16.51652  17.81532   2.82930
 16.61662  17.79548   2.85266
 16.71672  17.77547   2.87617
 16.81682  17.75529   2.89983
 16.91692  17.73494   2.92365
 17.01702  17.71443   2.94762
 17.11712  17.69374   2.97175
 17.21722  17.67288   2.99603
 17.31732  17.65185   3.02046
 17.41742  17.63065   3.04505
 17.51752  17.60927   3.06979
 17.61762  17.58771   3.09469
 17.71772  17.56598   3.11974
 17.81782  17.54406   3.14494
 17.91792  17.52197   3.17030
 18.01802  17.49970   3.19581
 18.11812  17.47724   3.22148
 18.21822  17.45460   3.24730
 18.31832  17.43178   3.27328
 18.41842  17.40877   3.29941
 18.51852  17.38557   3.32569
 18.61862  17.36219   3.35213
 18.71872  17.33862   3.37872
 18.81882  17.31486   3.40547
 18.91892  17.29091   3.43237
 19.01902  17.26676   3.45942
 19.11912  17.24242   3.48663
 19.21922  17.21789   3.51399
 19.31932  17.19316   3.54150
 19.41942  17.16823   3.56916
 19.51952  17.14311   3.59698
 19.61962  17.11779   3.62494
 19.71972  17.09227   3.65306
 19.81982  17.06654   3.68133
 19.91992  17.04062   3.70974
 20.02002  17.01449   3.73831
 20.12012  16.98815   3.76703
 20.22022  16.96161   3.79589
 20.32032  16.93487   3.82490
 20.42042  16.90791   3.85406
 20.52052  16.88075   3.88337
 20.62062  16.85338   3.91282
 20.72072  16.82579   3.94242
 20.82082  16.79799   3.97216
 20.92092  16.76998   4.00205
 21.02102  16.74176   4.03207
 21.12112  16.71332   4.06224
 21.22122  16.68467   4.09255
 21.32132  16.65579   4.12300
 21.42142  16.62670   4.15359
 21.52152  16.59739   4.18432
 21.62162  16.56786   4.21518
 21.72172  16.53811   4.24618
 21.82182  16.50813   4.27732
 21.92192  16.47793   4.30858
 22.02202  16.44751   4.33998
 22.12212  16.41686   4.37151
 22.22222  16.38599   4.40317
 22.32232  16.35488   4.43496
 22.42242  16.32355   4.46688
 22.52252  16.29200   4.49892
 22.62262  16.26021   4.53108
 22.72272  16.22819   4.56337
 22.82282  16.19593   4.59578
 22.92292  16.16345   4.62830
 23.02302  16.13073   4.66095
 23.12312  16.09778   4.69371
 23.22322  16.06459   4.72658
 23.32332  16.03117   4.75957
 23.42342  15.99751   4.79267
 23.52352  15.96361   4.82587
 23.62362  15.92948   4.85918
 23.72372  15.89510   4.89260
 23.82382  15.86049   4.92612
 23.92392  15.82564   4.95974
 24.02402  15.79054   4.99346
 24.12412  15.75520   5.02727
 24.22422  15.71962   5.06118
 24.32432  15.68380   5.09518
 24.42442  15.64774   5.12926
 24.52452  15.61143   5.16344
 24.62462  15.57487   5.19770
 24.72472  15.53807   5.23204
 24.82482  15.50103   5.26645
 24.92492  15.46373   5.30095
 25.02503  15.42620   5.33552
 25.12513  15.38841   5.37016
 25.22523  15.35038   5.40487
 25.32533  15.31210   5.43964
 25.42543  15.27357   5.47447
 25.52553  15.23479   5.50937
 25.62563  15.19577   5.54432
 25.72573  15.15649   5.57932
 25.82583  15.11697   5.61438
 25.92593  15.07720   5.64948
 26.02603  15.03718   5.68462
 26.12613  14.99690   5.71980
 26.22623  14.95638   5.75502
 26.32633  14.91561   5.79028
 26.42643  14.87459   5.82556
 26.52653  14.83332   5.86087
 26.62663  14.79180   5.89620
 26.72673  14.75003   5.93156
 26.82683  14.70801   5.96692
 26.92693  14.66574   6.00230
 27.02703  14.62322   6.03769
 27.12713  14.58046   6.07307
 27.22723  14.53744   6.10846
 27.32733  14.49418   6.14385
 27.42743  14.45067   6.17922
 27.52753  14.40691   6.21458
 27.62763  14.36291   6.24993
 27.72773  14.31866   6.28525
 27.82783  14.27416   6.32055
 27.92793  14.22942   6.35581
 28.02803  14.18443   6.39105
 28.12813  14.13920   6.42624
 28.22823  14.09373   6.46139
 28.32833  14.04802   6.49649
 28.42843  14.00206   6.53154
 28.52853  13.95587   6.56653
 28.62863  13.90943   6.60145
 28.72873  13.86276   6.63631
 28.82883  13.81585   6.67110
 28.92893  13.76871   6.70581
 29.02903  13.72133   6.74043
 29.12913  13.67371   6.77497
 29.22923  13.62587   6.80942
 29.32933  13.57780   6.84377
 29.42943  13.52949   6.87801
 29.52953  13.48096   6.91215
 29.62963  13.43221   6.94617
 29.72973  13.38323   6.98007
 29.82983  13.33403   7.01385
 29.92993  13.28460   7.04749
 30.03003  13.23496   7.08100
 30.13013  13.18511   7.11437
 30.23023  13.13504   7.14759
 30.33033  13.08475   7.18066
 30.43043  13.03426   7.21357
 30.53053  12.98356   7.24632
 30.63063  12.93266   7.27889
 30.73073  12.88155   7.31129
 30.83083  12.83024   7.34351
 30.93093  12.77874   7.37554
 31.03103  12.72704   7.40738
 31.13113  12.67514   7.43901
 31.23123  12.62306   7.47044
 31.33133  12.57080   7.50166
 31.43143  12.51835   7.53266
 31.53153  12.46572   7.56344
 31.63163  12.41291   7.59399
 31.73173  12.35993   7.62430
 31.83183  12.30679   7.65437
 31.93193  12.25347   7.68419
 32.03203  12.19999   7.71375
 32.13213  12.14636   7.74306
 32.23223  12.09257   7.77209
 32.33233  12.03863   7.80086
 32.43243  11.98454   7.82935
 32.53253  11.93031   7.85755
 32.63263  11.87594   7.88545
 32.73273  11.82143   7.91306
 32.83283  11.76680   7.94037
 32.93293  11.71204   7.96737
 33.03303  11.65716   7.99405
 33.13313  11.60217   8.02041
 33.23323  11.54706   8.04644
 33.33333  11.49185   8.07213
 33.43343  11.43654   8.09749
 33.53353  11.38113   8.12249
 33.63363  11.32563   8.14715
 33.73373  11.27005   8.17145
 33.83383  11.21438   8.19538
 33.93393  11.15865   8.21894
 34.03403  11.10285   8.24213
 34.13413  11.04698   8.26493
 34.23423  10.99106   8.28735
 34.33433  10.93509   8.30937
 34.43443  10.87907   8.33100
 34.53453  10.82302   8.35222
 34.63463  10.76694   8.37303
 34.73473  10.71083   8.39343
 34.83483  10.65471   8.41340
 34.93493  10.59858   8.43295
 35.03504  10.54244   8.45207
 35.13514  10.48630   8.47076
 35.23524  10.43018   8.48901
 35.33534  10.37407   8.50681
 35.43544  10.31799   8.52416
 35.53554  10.26194   8.54105
 35.63564  10.20593   8.55749
 35.73574  10.14997   8.57347
 35.83584  10.09406   8.58898
 35.93594  10.03822   8.60401
 36.03604   9.98245   8.61858
 36.13614   9.92676   8.63266
 36.23624   9.87115   8.64626
 36.33634   9.81564   8.65938
 36.43644   9.76024   8.67200
 36.53654   9.70495   8.68414
 36.63664   9.64978   8.69578
 36.73674   9.59474   8.70692
 36.83684   9.53983   8.71756
 36.93694   9.48508   8.72770
 37.03704   9.43048   8.73733
 37.13714   9.37605   8.74645
 37.23724   9.32179   8.75507
 37.33734   9.26772   8.76318
 37.43744   9.21384   8.77077
 37.53754   9.16016   8.77785
 37.63764   9.10669   8.78442
 37.73774   9.05344   8.79047
 37.83784   9.00042   8.79601
 37.93794   8.94764   8.80103
 38.03804   8.89511   8.80553
 38.13814   8.84284   8.80952
 38.23824   8.79084   8.81299
 38.33834   8.73911   8.81595
 38.43844   8.68767   8.81840
 38.53854   8.63653   8.82033
 38.63864   8.58569   8.82175
 38.73874   8.53517   8.82266
 38.83884   8.48498   8.82306
 38.93894   8.43512   8.82296
 39.03904   8.38560   8.82236
 39.13914   8.33644   8.82125
 39.23924   8.28764   8.81965
 39.33934   8.23922   8.81755
 39.43944   8.19118   8.81496
 39.53954   8.14353   8.81188
 39.63964   8.09628   8.80832
 39.73974   8.04945   8.80428
 39.83984   8.00303   8.79977
 39.93994   7.95704   8.79479
 40.04004   7.91149   8.78934
 40.14014   7.86639   8.78344
 40.24024   7.82175   8.77708
 40.34034   7.77757   8.77027
 40.44044   7.73386   8.76302
 40.54054   7.69064   8.75534
 40.64064   7.64791   8.74723
 40.74074   7.60568   8.73870
 40.84084   7.56396   8.72975
 40.94094   7.52275   8.72040
 41.04104   7.48206   8.71065
 41.14114   7.44191   8.70050
 41.24124   7.40230   8.68997
 41.34134   7.36324   8.67907
 41.44144   7.32473   8.66780
 41.54154   7.28678   8.65618
 41.64164   7.24940   8.64420
 41.74174   7.21259   8.63189
 41.84184   7.17637   8.61925
 41.94194   7.14074   8.60628
 42.04204   7.10570   8.59301
 42.14214   7.07127   8.57943
 42.24224   7.03744   8.56556
 42.34234   7.00423   8.55141
 42.44244   6.97163   8.53699
 42.54254   6.93966   8.52231
 42.64264   6.90831   8.50738
 42.74274   6.87761   8.49221
 42.84284   6.84754   8.47681
 42.94294   6.81811   8.46120
 43.04304   6.78933   8.44538
 43.14314   6.76120   8.42936
 43.24324   6.73373   8.41316
 43.34334   6.70692   8.39678
 43.44344   6.68077   8.38024
 43.54354   6.65528   8.36355
 43.64364   6.63046   8.34672
 43.74374   6.60631   8.32976
 43.84384   6.58284   8.31268
 43.94394   6.56004   8.29550
 44.04404   6.53792   8.27822
 44.14414   6.51648   8.26085
 44.24424   6.49572   8.24341
 44.34434   6.47564   8.22591
 44.44444   6.45625   8.20836
 44.54454   6.43754   8.19076
 44.64464   6.41951   8.17314
 44.74474   6.40217   8.15549
 44.84484   6.38551   8.13784
 44.94494   6.36954   8.12019
 45.04505   6.35426   8.10254
 45.14515   6.33966   8.08492
 45.24525   6.32574   8.06733
 45.34535   6.31250   8.04979
 45.44545   6.29995   8.03229
 45.54555   6.28808   8.01485
 45.64565   6.27688   7.99749
 45.74575   6.26636   7.98020
 45.84585   6.25652   7.96300
 45.94595   6.24735   7.94590
 46.04605   6.23885   7.92890
 46.14615   6.23102   7.91202
 46.24625   6.22385   7.89525
 46.34635   6.21735   7.87862
 46.44645   6.21150   7.86213
 46.54655   6.20631   7.84578
 46.64665   6.20177   7.82959
 46.74675   6.19789   7.81356
 46.84685   6.19464   7.79769
 46.94695   6.19204   7.78200
 47.04705   6.19007   7.76648
 47.14715   6.18873   7.75116
 47.24725   6.18802   7.73603
 47.34735   6.18793   7.72109
 47.44745   6.18846   7.70636
 47.54755   6.18960   7.69184
 47.64765   6.19135   7.67754
 47.74775   6.19370   7.66345
 47.84785   6.19664   7.64959
 47.94795   6.20018   7.63595
 48.04805   6.20429   7.62256
 48.14815   6.20899   7.60939
 48.24825   6.21425   7.59647
 48.34835   6.22008   7.58380
 48.44845   6.22647   7.57137
 48.54855   6.23341   7.55919
 48.64865   6.24089   7.54727
 48.74875   6.24891   7.53560
 48.84885   6.25746   7.52419
 48.94895   6.26652   7.51305
 49.04905   6.27611   7.50217
 49.14915   6.28620   7.49156
 49.24925   6.29679   7.48121
 49.34935   6.30786   7.47113
 49.44945   6.31942   7.46133
 49.54955   6.33146   7.45179
 49.64965   6.34395   7.44253
 49.74975   6.35691   7.43355
 49.84985   6.37031   7.42484
 49.94995   6.38415   7.41640
 50.05005   6.39842   7.40824
 50.15015   6.41310   7.40036
 50.25025   6.42820   7.39275
 50.35035   6.44370   7.38542
 50.45045   6.45959   7.37837
 50.55055   6.47586   7.37159
 50.65065   6.49250   7.36509
 50.75075   6.50950   7.35886
 50.85085   6.52686   7.35290
 50.95095   6.54455   7.34722
 51.05105   6.56257   7.34181
 51.15115   6.58091   7.33667
 51.25125   6.59956   7.33180
 51.35135   6.61851   7.32720
 51.45145   6.63775   7.32287
 51.55155   6.65726   7.31880
 51.65165   6.67703   7.31499
 51.75175   6.69706   7.31145
 51.85185   6.71733   7.30817
 51.95195   6.73783   7.30514
 52.05205   6.75855   7.30237
 52.15215   6.77948   7.29986
 52.25225   6.80061   7.29760
 52.35235   6.82192   7.29558
 52.45245   6.84340   7.29382
 52.55255   6.86504   7.29230
 52.65265   6.88684   7.29102
 52.75275   6.90877   7.28998
 52.85285   6.93083   7.28918
 52.95295   6.95300   7.28862
 53.05305   6.97527   7.28829
 53.15315   6.99764   7.28818
 53.25325   7.02008   7.28831
 53.35335   7.04259   7.28865
 53.45345   7.06516   7.28922
 53.55355   7.08777   7.29000
 53.65365   7.11041   7.29100
 53.75375   7.13307   7.29221
 53.85385   7.15574   7.29363
 53.95395   7.17840   7.29526
 54.05405   7.20105   7.29708
 54.15415   7.22368   7.29911
 54.25425   7.24626   7.30133
 54.35435   7.26880   7.30375
 54.45445   7.29128   7.30635
 54.55455   7.31369   7.30914
 54.65465   7.33601   7.31211
 54.75475   7.35824   7.31526
 54.85485   7.38037   7.31859
 54.95495   7.40239   7.32209
 55.05506   7.42428   7.32576
 55.15516   7.44603   7.32959
 55.25526   7.46764   7.33359
 55.35536   7.48909   7.33774
 55.45546   7.51038   7.34205
 55.55556   7.53150   7.34651
 55.65566   7.55243   7.35112
 55.75576   7.57316   7.35587
 55.85586   7.59370   7.36077
 55.95596   7.61402   7.36580
 56.05606   7.63412   7.37096
 56.15616   7.65399   7.37626
 56.25626   7.67363   7.38168
 56.35636   7.69302   7.38723
 56.45646   7.71216   7.39289
 56.55656   7.73104   7.39867
 56.65666   7.74965   7.40457
 56.75676   7.76798   7.41057
 56.85686   7.78603   7.41668
 56.95696   7.80379   7.42289
 57.05706   7.82126   7.42920
 57.15716   7.83843   7.43560
 57.25726   7.85529   7.44210
 57.35736   7.87183   7.44868
 57.45746   7.88806   7.45535
 57.55756   7.90396   7.46209
 57.65766   7.91953   7.46892
 57.75776   7.93477   7.47582
 57.85786   7.94967   7.48279
 57.95796   7.96423   7.48982
 58.05806   7.97844   7.49692
 58.15816   7.99230   7.50408
 58.25826   8.00581   7.51129
 58.35836   8.01896   7.51856
 58.45846   8.03175   7.52588
 58.55856   8.04417   7.53324
 58.65866   8.05623   7.54065
 58.75876   8.06793   7.54810
 58.85886   8.07925   7.55558
 58.95896   8.09020   7.56309
 59.05906   8.10078   7.57064
 59.15916   8.11098   7.57821
 59.25926   8.12080   7.58580
 59.35936   8.13025   7.59342
 59.45946   8.13933   7.60105
 59.55956   8.14802   7.60869
 59.65966   8.15634   7.61635
 59.75976   8.16428   7.62401
 59.85986   8.17184   7.63167
 59.95996   8.17902   7.63934
 60.06006   8.18582   7.64700
 60.16016   8.19225   7.65466
 60.26026   8.19831   7.66231
 60.36036   8.20399   7.66995
 60.46046   8.20929   7.67758
 60.56056   8.21423   7.68519
 60.66066   8.21880   7.69277
 60.76076   8.22300   7.70034
 60.86086   8.22683   7.70788
 60.96096   8.23030   7.71539
 61.06106   8.23341   7.72287
 61.16116   8.23616   7.73032
 61.26126   8.23856   7.73772
 61.36136   8.24060   7.74509
 61.46146   8.24230   7.75242
 61.56156   8.24364   7.75971
 61.66166   8.24465   7.76694
 61.76176   8.24531   7.77413
 61.86186   8.24564   7.78126
 61.96196   8.24563   7.78834
 62.06206   8.24530   7.79536
 62.16216   8.24464   7.80233
 62.26226   8.24366   7.80923
 62.36236   8.24236   7.81606
 62.46246   8.24075   7.82283
 62.56256   8.23884   7.82953
 62.66266   8.23661   7.83617
 62.76276   8.23409   7.84272
 62.86286   8.23127   7.84921
 62.96296   8.22817   7.85561
 63.06306   8.22477   7.86194
 63.16316   8.22110   7.86818
 63.26326   8.21715   7.87435
 63.36336   8.21293   7.88042
 63.46346   8.20844   7.88641
 63.56356   8.20369   7.89232
 63.66366   8.19868   7.89813
 63.76376   8.19343   7.90385
 63.86386   8.18793   7.90948
 63.96396   8.18218   7.91501
 64.06406   8.17621   7.92044
 64.16416   8.17000   7.92578
 64.26426   8.16357   7.93101
 64.36436   8.15691   7.93615
 64.46446   8.15005   7.94118
 64.56456   8.14298   7.94611
 64.66466   8.13570   7.95094
 64.76476   8.12822   7.95565
 64.86486   8.12056   7.96026
 64.96496   8.11270   7.96477
 65.06507   8.10467   7.96916
 65.16517   8.09646   7.97344
 65.26527   8.08808   7.97761
 65.36537   8.07954   7.98167
 65.46547   8.07084   7.98561
 65.56557   8.06198   7.98944
 65.66567   8.05298   7.99316
 65.76577   8.04383   7.99676
 65.86587   8.03455   8.00024
 65.96597   8.02513   8.00361
 66.06607   8.01559   8.00686
 66.16617   8.00593   8.00999
 66.26627   7.99616   8.01301
 66.36637   7.98627   8.01590
 66.46647   7.97629   8.01868
 66.56657   7.96620   8.02134
 66.66667   7.95602   8.02387
 66.76677   7.94575   8.02629
 66.86687   7.93540   8.02859
 66.96697   7.92498   8.03077
 67.06707   7.91448   8.03283
 67.16717   7.90392   8.03477
 67.26727   7.89329   8.03659
 67.36737   7.88261   8.03829
 67.46747   7.87187   8.03988
 67.56757   7.86109   8.04134
 67.66767   7.85028   8.04269
 67.76777   7.83942   8.04391
 67.86787   7.82853   8.04502
 67.96797   7.81762   8.04601
 68.06807   7.80669   8.04689
 68.16817   7.79574   8.04765
 68.26827   7.78478   8.04829
 68.36837   7.77381   8.04882
 68.46847   7.76284   8.04924
 68.56857   7.75188   8.04954
 68.66867   7.74092   8.04973
 68.76877   7.72997   8.04981
 68.86887   7.71904   8.04977
 68.96897   7.70813   8.04963
 69.06907   7.69725   8.04938
 69.16917   7.68640   8.04902
 69.26927   7.67558   8.04855
 69.36937   7.66480   8.04798
 69.46947   7.65406   8.04730
 69.56957   7.64336   8.04652
 69.66967   7.63272   8.04564
 69.76977   7.62214   8.04466
 69.86987   7.61161   8.04358
 69.96997   7.60114   8.04240
 70.07007   7.59074   8.04112
 70.17017   7.58041   8.03975
 70.27027   7.57015   8.03828
 70.37037   7.55997   8.03673
 70.47047   7.54987   8.03508
 70.57057   7.53986   8.03334
 70.67067   7.52993   8.03152
 70.77077   7.52009   8.02961
 70.87087   7.51035   8.02761
 70.97097   7.50070   8.02554
 71.07107   7.49115   8.02338
 71.17117   7.48171   8.02114
 71.27127   7.47238   8.01883
 71.37137   7.46315   8.01644
 71.47147   7.45403   8.01398
 71.57157   7.44503   8.01144
 71.67167   7.43615   8.00884
 71.77177   7.42739   8.00616
 71.87187   7.41875   8.00343
 71.97197   7.41023   8.00062
 72.07207   7.40185   7.99776
 72.17217   7.39359   7.99483
 72.27227   7.38546   7.99185
 72.37237   7.37747   7.98881
 72.47247   7.36962   7.98571
 72.57257   7.36190   7.98257
 72.67267   7.35433   7.97937
 72.77277   7.34689   7.97612
 72.87287   7.33960   7.97283
 72.97297   7.33246   7.96949
 73.07307   7.32546   7.96611
 73.17317   7.31862   7.96269
 73.27327   7.31192   7.95924
 73.37337   7.30538   7.95574
 73.47347   7.29898   7.95221
 73.57357   7.29275   7.94865
 73.67367   7.28666   7.94506
 73.77377   7.28074   7.94144
 73.87387   7.27497   7.93779
 73.97397   7.26937   7.93412
 74.07407   7.26392   7.93043
 74.17417   7.25863   7.92672
 74.27427   7.25350   7.92299
 74.37437   7.24854   7.91924
 74.47447   7.24374   7.91548
 74.57457   7.23910   7.91171
 74.67467   7.23463   7.90792
 74.77477   7.23032   7.90413
 74.87487   7.22617   7.90033
 74.97497   7.22219   7.89653
 75.07508   7.21837   7.89272
 75.17518   7.21472   7.88891
 75.27528   7.21123   7.88510
 75.37538   7.20791   7.88130
 75.47548   7.20476   7.87750
 75.57558   7.20177   7.87371
 75.67568   7.19894   7.86992
 75.77578   7.19628   7.86615
 75.87588   7.19378   7.86238
 75.97598   7.19144   7.85863
 76.07608   7.18927   7.85489
 76.17618   7.18726   7.85117
 76.27628   7.18541   7.84747
 76.37638   7.18372   7.84379
 76.47648   7.18220   7.84013
 76.57658   7.18083   7.83649
 76.67668   7.17962   7.83288
 76.77678   7.17857   7.82929
 76.87688   7.17768   7.82573
 76.97698   7.17694   7.82220
 77.07708   7.17636   7.81870
 77.17718   7.17593   7.81523
 77.27728   7.17565   7.81179
 77.37738   7.17553   7.80838
 77.47748   7.17555   7.80501
 77.57758   7.17572   7.80168
 77.67768   7.17604   7.79839
 77.77778   7.17651   7.79513
 77.87788   7.17712   7.79192
 77.97798   7.17787   7.78874
 78.07808   7.17876   7.78561
 78.17818   7.17979   7.78252
 78.27828   7.18096   7.77947
 78.37838   7.18226   7.77647
 78.47848   7.18370   7.77352
 78.57858   7.18527   7.77061
 78.67868   7.18697   7.76776
 78.77878   7.18880   7.76495
 78.87888   7.19075   7.76219
 78.97898   7.19283   7.75948
 79.07908   7.19503   7.75682
 79.17918   7.19735   7.75421
 79.27928   7.19979   7.75166
 79.37938   7.20234   7.74916
 79.47948   7.20501   7.74671
 79.57958   7.20779   7.74432
 79.67968   7.21067   7.74198
 79.77978   7.21367   7.73969
 79.87988   7.21676   7.73747
 79.97998   7.21997   7.73530
 80.08008   7.22327   7.73318
 80.18018   7.22666   7.73113
 80.28028   7.23015   7.72913
 80.38038   7.23374   7.72719
 80.48048   7.23741   7.72530
 80.58058   7.24118   7.72348
 80.68068   7.24502   7.72171
 80.78078   7.24895   7.72001
 80.88088   7.25296   7.71836
 80.98098   7.25705   7.71677
 81.08108   7.26121   7.71524
 81.18118   7.26544   7.71377
 81.28128   7.26974   7.71236
 81.38138   7.27411   7.71100
 81.48148   7.27855   7.70971
 81.58158   7.28304   7.70848
 81.68168   7.28760   7.70731
 81.78178   7.29221   7.70619
 81.88188   7.29687   7.70514
 81.98198   7.30159   7.70414
 82.08208   7.30635   7.70320
 82.18218   7.31117   7.70232
 82.28228   7.31602   7.70150
 82.38238   7.32091   7.70074
 82.48248   7.32585   7.70004
 82.58258   7.33081   7.69939
 82.68268   7.33581   7.69880
 82.78278   7.34085   7.69827
 82.88288   7.34590   7.69779
 82.98298   7.35099   7.69737
 83.08308   7.35609   7.69701
 83.18318   7.36122   7.69670
 83.28328   7.36636   7.69645
 83.38338   7.37152   7.69625
 83.48348   7.37668   7.69611
 83.58358   7.38186   7.69601
 83.68368   7.38705   7.69598
 83.78378   7.39224   7.69599
 83.88388   7.39743   7.69606
 83.98398   7.40262   7.69618
 84.08408   7.40781   7.69635
 84.18418   7.41300   7.69657
 84.28428   7.41817   7.69684
 84.38438   7.42334   7.69716
 84.48448   7.42850   7.69752
 84.58458   7.43364   7.69794
 84.68468   7.43876   7.69840
 84.78478   7.44386   7.69891
 84.88488   7.44895   7.69946
 84.98498   7.45401   7.70006
 85.08509   7.45904   7.70071
 85.18519   7.46405   7.70139
 85.28529   7.46902   7.70212
 85.38539   7.47397   7.70289
 85.48549   7.47888   7.70371
 85.58559   7.48376   7.70456
 85.68569   7.48860   7.70545
 85.78579   7.49339   7.70639
 85.88589   7.49815   7.70736
 85.98599   7.50287   7.70836
 86.08609   7.50753   7.70941
 86.18619   7.51216   7.71049
 86.28629   7.51673   7.71160
 86.38639   7.52125   7.71275
 86.48649   7.52572   7.71393
 86.58659   7.53014   7.71514
 86.68669   7.53450   7.71639
 86.78679   7.53881   7.71767
 86.88689   7.54306   7.71897
 86.98699   7.54725   7.72031
 87.08709   7.55137   7.72167
 87.18719   7.55544   7.72306
 87.28729   7.55944   7.72447
 87.38739   7.56338   7.72591
 87.48749   7.56725   7.72738
 87.58759   7.57105   7.72887
 87.68769   7.57479   7.73038
 87.78779   7.57846   7.73191
 87.88789   7.58205   7.73346
 87.98799   7.58558   7.73504
 88.08809   7.58903   7.73663
 88.18819   7.59241   7.73824
 88.28829   7.59571   7.73987
 88.38839   7.59894   7.74152
 88.48849   7.60210   7.74318
 88.58859   7.60517   7.74485
 88.68869   7.60817   7.74654
 88.78879   7.61110   7.74824
 88.88889   7.61394   7.74996
 88.98899   7.61671   7.75168
 89.08909   7.61939   7.75342
 89.18919   7.62200   7.75516
 89.28929   7.62452   7.75691
 89.38939   7.62697   7.75867
 89.48949   7.62933   7.76044
 89.58959   7.63161   7.76222
 89.68969   7.63381   7.76400
 89.78979   7.63593   7.76578
 89.88989   7.63797   7.76757
 89.98999   7.63992   7.76936
 90.09009   7.64180   7.77115
 90.19019   7.64359   7.77294
 90.29029   7.64529   7.77473
 90.39039   7.64692   7.77652
 90.49049   7.64846   7.77832
 90.59059   7.64992   7.78010
 90.69069   7.65130   7.78189
 90.79079   7.65260   7.78367
 90.89089   7.65381   7.78545
 90.99099   7.65495   7.78722
 91.09109   7.65600   7.78899
 91.19119   7.65697   7.79075
 91.29129   7.65786   7.79250
 91.39139   7.65868   7.79425
 91.49149   7.65941   7.79599
 91.59159   7.66006   7.79771
 91.69169   7.66064   7.79943
 91.79179   7.66113   7.80114
 91.89189   7.66155   7.80283
 91.99199   7.66189   7.80452
 92.09209   7.66216   7.80619
 92.19219   7.66235   7.80784
 92.29229   7.66246   7.80949
 92.39239   7.66250   7.81112
 92.49249   7.66247   7.81273
 92.59259   7.66236   7.81433
 92.69269   7.66218   7.81591
 92.79279   7.66193   7.81748
 92.89289   7.66161   7.81902
 92.99299   7.66122   7.82055
 93.09309   7.66076   7.82207
 93.19319   7.66023   7.82356
 93.29329   7.65964   7.82503
 93.39339   7.65898   7.82649
 93.49349   7.65825   7.82792
 93.59359   7.65746   7.82934
 93.69369   7.65661   7.83073
 93.79379   7.65570   7.83210
 93.89389   7.65472   7.83345
 93.99399   7.65369   7.83477
 94.09409   7.65259   7.83608
 94.19419   7.65144   7.83736
 94.29429   7.65023   7.83861
 94.39439   7.64897   7.83985
 94.49449   7.64765   7.84106
 94.59459   7.64628   7.84224
 94.69469   7.64485   7.84340
 94.79479   7.64338   7.84454
 94.89489   7.64185   7.84565
 94.99499   7.64028   7.84673
 95.09510   7.63865   7.84779
 95.19520   7.63699   7.84882
 95.29530   7.63527   7.84983
 95.39540   7.63352   7.85081
 95.49550   7.63172   7.85176
 95.59560   7.62988   7.85268
 95.69570   7.62800   7.85358
 95.79580   7.62608   7.85445
 95.89590   7.62412   7.85530
 95.99600   7.62213   7.85612
 96.09610   7.62010   7.85691
 96.19620   7.61804   7.85767
 96.29630   7.61594   7.85840
 96.39640   7.61382   7.85911
 96.49650   7.61166   7.85979
 96.59660   7.60947   7.86044
 96.69670   7.60726   7.86106
 96.79680   7.60502   7.86165
 96.89690   7.60276   7.86222
 96.99700   7.60047   7.86276
 97.09710   7.59816   7.86327
 97.19720   7.59583   7.86375
 97.29730   7.59348   7.86421
 97.39740   7.59111   7.86463
 97.49750   7.58872   7.86503
 97.59760   7.58632   7.86540
 97.69770   7.58390   7.86575
 97.79780   7.58147   7.86606
 97.89790   7.57903   7.86635
 97.99800   7.57657   7.86662
 98.09810   7.57411   7.86685
 98.19820   7.57163   7.86706
 98.29830   7.56915   7.86724
 98.39840   7.56666   7.86739
 98.49850   7.56417   7.86752
 98.59860   7.56167   7.86762
 98.69870   7.55917   7.86770
 98.79880   7.55666   7.86775
 98.89890   7.55416   7.86777
 98.99900   7.55166   7.86777
 99.09910   7.54916   7.86774
 99.19920   7.54666   7.86769
 99.29930   7.54416   7.86761
 99.39940   7.54167   7.86751
 99.49950   7.53919   7.86739
 99.59960   7.53671   7.86724
 99.69970   7.53424   7.86707
 99.79980   7.53178   7.86687
 99.89990   7.52933   7.86665
100.00000   7.52689   7.86641
