#	X	Y	Z
  0.00000  22.52000   4.95458
  0.10010  22.02533   4.99252
  0.20020  21.57233   5.03044
  0.30030  21.15595   5.06834
  0.40040  20.77189   5.10622
  0.50050  20.41650   5.14410
  0.60060  20.08664   5.18196
  0.70070  19.77960   5.21980
  0.80080  19.49303   5.25764
  0.90090  19.22487   5.29547
  1.00100  18.97334   5.33328
  1.10110  18.73684   5.37109
  1.20120  18.51399   5.40888
  1.30130  18.30355   5.44667
  1.40140  18.10441   5.48444
  1.50150  17.91561   5.52220
  1.60160  17.73625   5.55994
  1.70170  17.56555   5.59768
  1.80180  17.40280   5.63539
  1.90190  17.24737   5.67309
  2.00200  17.09867   5.71077
  2.10210  16.95618   5.74843
  2.20220  16.81942   5.78607
  2.30230  16.68796   5.82369
  2.40240  16.56141   5.86128
  2.50250  16.43940   5.89884
  2.60260  16.32160   5.93637
  2.70270  16.20771   5.97387
  2.80280  16.09745   6.01133
  2.90290  15.99057   6.04875
  3.00300  15.88683   6.08613
  3.10310  15.78601   6.12347
  3.20320  15.68791   6.16076
  3.30330  15.59234   6.19801
  3.40340  15.49914   6.23520
  3.50350  15.40815   6.27233
  3.60360  15.31921   6.30940
  3.70370  15.23220   6.34641
  3.80380  15.14698   6.38335
  3.90390  15.06344   6.42021
  4.00400  14.98146   6.45701
  4.10410  14.90094   6.49372
  4.20420  14.82179   6.53035
  4.30430  14.74392   6.56690
  4.40440  14.66724   6.60335
  4.50450  14.59168   6.63971
  4.60460  14.51716   6.67596
  4.70470  14.44362   6.71211
  4.80480  14.37099   6.74816
  4.90490  14.29922   6.78409
  5.00501  14.22824   6.81989
  5.10511  14.15800   6.85558
  5.20521  14.08846   6.89114
  5.30531  14.01957   6.92656
  5.40541  13.95128   6.96185
  5.50551  13.88356   6.99699
  5.60561  13.81637   7.03198
  5.70571  13.74967   7.06682
  5.80581  13.68343   7.10150
  5.90591  13.61762   7.13602
  6.00601  13.55220   7.17037
  6.10611  13.48716   7.20454
  6.20621  13.42246   7.23853
  6.30631  13.35808   7.27233
  6.40641  13.29401   7.30594
  6.50651  13.23020   7.33935
  6.60661  13.16666   7.37256
  6.70671  13.10335   7.40556
  6.80681  13.04026   7.43834
  6.90691  12.97738   7.47091
  7.00701  12.91469   7.50324
  7.10711  12.85217   7.53535
  7.20721  12.78982   7.56721
  7.30731  12.72762   7.59883
  7.40741  12.66555   7.63019
  7.50751  12.60362   7.66130
  7.60761  12.54180   7.69215
  7.70771  12.48009   7.72273
  7.80781  12.41848   7.75303
  7.90791  12.35697   7.78305
  8.00801  12.29554   7.81278
  8.10811  12.23420   7.84222
  8.20821  12.17293   7.87135
  8.30831  12.11173   7.90018
  8.40841  12.05059   7.92870
  8.50851  11.98952   7.95690
  8.60861  11.92850   7.98477
  8.70871  11.86754   8.01231
  8.80881  11.80664   8.03952
  8.90891  11.74578   8.06638
  9.00901  11.68497   8.09289
  9.10911  11.62421   8.11904
  9.20921  11.56350   8.14483
  9.30931  11.50283   8.17026
  9.40941  11.44221   8.19531
  9.50951  11.38164   8.21998
  9.60961  11.32111   8.24426
  9.70971  11.26063   8.26815
  9.80981  11.20021   8.29164
  9.90991  11.13983   8.31473
 10.01001  11.07951   8.33741
 10.11011  11.01924   8.35967
 10.21021  10.95904   8.38152
 10.31031  10.89889   8.40293
 10.41041  10.83881   8.42392
 10.51051  10.77880   8.44446
 10.61061  10.71886   8.46457
 10.71071  10.65899   8.48422
 10.81081  10.59921   8.50343
 10.91091  10.53951   8.52217
 11.01101  10.47989   8.54046
 11.11111  10.42038   8.55827
 11.21121  10.36096   8.57561
 11.31131  10.30165   8.59248
 11.41141  10.24244   8.60886
 11.51151  10.18336   8.62476
 11.61161  10.12439   8.64017
 11.71171  10.06555   8.65509
 11.81181  10.00685   8.66950
 11.91191   9.94829   8.68342
 12.01201   9.88988   8.69683
 12.11211   9.83162   8.70973
 12.21221   9.77352   8.72212
 12.31231   9.71559   8.73400
 12.41241   9.65784   8.74536
 12.51251   9.60027   8.75619
 12.61261   9.54290   8.76651
 12.71271   9.48572   8.77630
 12.81281   9.42875   8.78556
 12.91291   9.37200   8.79430
 13.01301   9.31547   8.80250
 13.11311   9.25917   8.81017
 13.21321   9.20311   8.81731
 13.31331   9.14730   8.82391
 13.41341   9.09175   8.82998
 13.51351   9.03647   8.83551
 13.61361   8.98146   8.84050
 13.71371   8.92673   8.84496
 13.81381   8.87230   8.84888
 13.91391   8.81817   8.85227
 14.01401   8.76434   8.85512
 14.11411   8.71084   8.85744
 14.21421   8.65767   8.85922
 14.31431   8.60484   8.86048
 14.41441   8.55236   8.86120
 14.51451   8.50023   8.86139
 14.61461   8.44847   8.86106
 14.71471   8.39708   8.86021
 14.81481   8.34608   8.85884
 14.91491   8.29548   8.85695
 15.01502   8.24527   8.85454
 15.11512   8.19548   8.85163
 15.21522   8.14612   8.84821
 15.31532   8.09718   8.84429
 15.41542   8.04869   8.83987
 15.51552   8.00064   8.83495
 15.61562   7.95305   8.82956
 15.71572   7.90593   8.82367
 15.81582   7.85929   8.81732
 15.91592   7.81313   8.81049
 16.01602   7.76747   8.80320
 16.11612   7.72231   8.79545
 16.21622   7.67766   8.78724
 16.31632   7.63354   8.77860
 16.41642   7.58994   8.76952
 16.51652   7.54687   8.76000
 16.61662   7.50436   8.75007
 16.71672   7.46239   8.73973
 16.81682   7.42099   8.72897
 16.91692   7.38015   8.71783
 17.01702   7.33989   8.70629
 17.11712   7.30021   8.69438
 17.21722   7.26113   8.68209
 17.31732   7.22264   8.66945
 17.41742   7.18475   8.65646
 17.51752   7.14748   8.64312
 17.61762   7.11082   8.62946
 17.71772   7.07479   8.61547
 17.81782   7.03939   8.60117
 17.91792   7.00462   8.58658
 18.01802   6.97050   8.57170
 18.11812   6.93702   8.55653
 18.21822   6.90419   8.54110
 18.31832   6.87203   8.52542
 18.41842   6.84052   8.50949
 18.51852   6.80968   8.49333
 18.61862   6.77951   8.47694
 18.71872   6.75002   8.46035
 18.81882   6.72121   8.44356
 18.91892   6.69308   8.42657
 19.01902   6.66563   8.40942
 19.11912   6.63888   8.39210
 19.21922   6.61282   8.37462
 19.31932   6.58745   8.35701
 19.41942   6.56278   8.33927
 19.51952   6.53882   8.32141
 19.61962   6.51555   8.30344
 19.71972   6.49299   8.28539
 19.81982   6.47114   8.26725
 19.91992   6.44999   8.24903
 20.02002   6.42955   8.23076
 20.12012   6.40982   8.21244
 20.22022   6.39080   8.19409
 20.32032   6.37250   8.17571
 20.42042   6.35490   8.15732
 20.52052   6.33801   8.13892
 20.62062   6.32183   8.12053
 20.72072   6.30637   8.10216
 20.82082   6.29161   8.08381
 20.92092   6.27756   8.06551
 21.02102   6.26422   8.04726
 21.12112   6.25158   8.02906
 21.22122   6.23965   8.01094
 21.32132   6.22842   7.99289
 21.42142   6.21789   7.97494
 21.52152   6.20806   7.95708
 21.62162   6.19892   7.93933
 21.72172   6.19048   7.92169
 21.82182   6.18273   7.90418
 21.92192   6.17567   7.88681
 22.02202   6.16929   7.86957
 22.12212   6.16359   7.85249
 22.22222   6.15857   7.83556
 22.32232   6.15422   7.81880
 22.42242   6.15054   7.80221
 22.52252   6.14753   7.78580
 22.62262   6.14518   7.76958
 22.72272   6.14348   7.75355
 22.82282   6.14244   7.73772
 22.92292   6.14204   7.72210
 23.02302   6.14229   7.70669
 23.12312   6.14317   7.69150
 23.22322   6.14469   7.67653
 23.32332   6.14682   7.66178
 23.42342   6.14958   7.64728
 23.52352   6.15295   7.63301
 23.62362   6.15693   7.61898
 23.72372   6.16151   7.60520
 23.82382   6.16669   7.59167
 23.92392   6.17245   7.57839
 24.02402   6.17880   7.56537
 24.12412   6.18572   7.55262
 24.22422   6.19320   7.54013
 24.32432   6.20125   7.52790
 24.42442   6.20985   7.51595
 24.52452   6.21899   7.50427
 24.62462   6.22867   7.49287
 24.72472   6.23888   7.48174
 24.82482   6.24961   7.47090
 24.92492   6.26085   7.46033
 25.02503   6.27259   7.45005
 25.12513   6.28483   7.44005
 25.22523   6.29756   7.43033
 25.32533   6.31077   7.42090
 25.42543   6.32444   7.41176
 25.52553   6.33858   7.40290
 25.62563   6.35316   7.39434
 25.72573   6.36818   7.38606
 25.82583   6.38364   7.37806
 25.92593   6.39951   7.37036
 26.02603   6.41580   7.36294
 26.12613   6.43248   7.35581
 26.22623   6.44956   7.34897
 26.32633   6.46702   7.34242
 26.42643   6.48485   7.33615
 26.52653   6.50303   7.33016
 26.62663   6.52157   7.32446
 26.72673   6.54044   7.31904
 26.82683   6.55964   7.31390
 26.92693   6.57915   7.30904
 27.02703   6.59897   7.30446
 27.12713   6.61908   7.30016
 27.22723   6.63947   7.29613
 27.32733   6.66013   7.29237
 27.42743   6.68105   7.28889
 27.52753   6.70221   7.28567
 27.62763   6.72361   7.28272
 27.72773   6.74524   7.28004
 27.82783   6.76707   7.27761
 27.92793   6.78910   7.27545
 28.02803   6.81132   7.27355
 28.12813   6.83371   7.27190
 28.22823   6.85626   7.27050
 28.32833   6.87897   7.26936
 28.42843   6.90181   7.26846
 28.52853   6.92478   7.26780
 28.62863   6.94786   7.26739
 28.72873   6.97104   7.26722
 28.82883   6.99431   7.26728
 28.92893   7.01765   7.26757
 29.02903   7.04106   7.26810
 29.12913   7.06452   7.26885
 29.22923   7.08802   7.26982
 29.32933   7.11155   7.27102
 29.42943   7.13509   7.27243
 29.52953   7.15864   7.27406
 29.62963   7.18217   7.27589
 29.72973   7.20569   7.27794
 29.82983   7.22917   7.28019
 29.92993   7.25261   7.28263
 30.03003   7.27599   7.28528
 30.13013   7.29930   7.28812
 30.23023   7.32253   7.29115
 30.33033   7.34567   7.29436
 30.43043   7.36871   7.29776
 30.53053   7.39164   7.30134
 30.63063   7.41444   7.30510
 30.73073   7.43710   7.30902
 30.83083   7.45962   7.31312
 30.93093   7.48198   7.31738
 31.03103   7.50418   7.32180
 31.13113   7.52620   7.32638
 31.23123   7.54803   7.33112
 31.33133   7.56966   7.33600
 31.43143   7.59109   7.34104
 31.53153   7.61230   7.34621
 31.63163   7.63329   7.35153
 31.73173   7.65404   7.35698
 31.83183   7.67455   7.36257
 31.93193   7.69480   7.36828
 32.03203   7.71480   7.37412
 32.13213   7.73453   7.38008
 32.23223   7.75398   7.38615
 32.33233   7.77315   7.39234
 32.43243   7.79203   7.39865
 32.53253   7.81061   7.40505
 32.63263   7.82889   7.41156
 32.73273   7.84685   7.41818
 32.83283   7.86450   7.42488
 32.93293   7.88182   7.43168
 33.03303   7.89881   7.43857
 33.13313   7.91547   7.44554
 33.23323   7.93178   7.45259
 33.33333   7.94775   7.45972
 33.43343   7.96337   7.46692
 33.53353   7.97864   7.47419
 33.63363   7.99354   7.48154
 33.73373   8.00808   7.48894
 33.83383   8.02226   7.49640
 33.93393   8.03606   7.50392
 34.03403   8.04949   7.51149
 34.13413   8.06254   7.51911
 34.23423   8.07521   7.52678
 34.33433   8.08750   7.53449
 34.43443   8.09940   7.54224
 34.53453   8.11092   7.55002
 34.63463   8.12205   7.55783
 34.73473   8.13279   7.56568
 34.83483   8.14314   7.57354
 34.93493   8.15310   7.58143
 35.03504   8.16266   7.58934
 35.13514   8.17183   7.59727
 35.23524   8.18061   7.60520
 35.33534   8.18899   7.61315
 35.43544   8.19698   7.62109
 35.53554   8.20458   7.62905
 35.63564   8.21178   7.63700
 35.73574   8.21859   7.64494
 35.83584   8.22501   7.65288
 35.93594   8.23104   7.66081
 36.03604   8.23669   7.66873
 36.13614   8.24194   7.67662
 36.23624   8.24681   7.68450
 36.33634   8.25130   7.69236
 36.43644   8.25541   7.70019
 36.53654   8.25914   7.70800
 36.63664   8.26249   7.71577
 36.73674   8.26547   7.72351
 36.83684   8.26807   7.73121
 36.93694   8.27031   7.73887
 37.03704   8.27219   7.74649
 37.13714   8.27370   7.75406
 37.23724   8.27486   7.76159
 37.33734   8.27566   7.76907
 37.43744   8.27611   7.77649
 37.53754   8.27621   7.78386
 37.63764   8.27597   7.79117
 37.73774   8.27539   7.79842
 37.83784   8.27448   7.80560
 37.93794   8.27323   7.81273
 38.03804   8.27166   7.81978
 38.13814   8.26976   7.82676
 38.23824   8.26755   7.83367
 38.33834   8.26503   7.84051
 38.43844   8.26220   7.84727
 38.53854   8.25906   7.85395
 38.63864   8.25563   7.86055
 38.73874   8.25190   7.86707
 38.83884   8.24788   7.87350
 38.93894   8.24358   7.87985
 39.03904   8.23901   7.88611
 39.13914   8.23416   7.89227
 39.23924   8.22904   7.89834
 39.33934   8.22366   7.90432
 39.43944   8.21802   7.91021
 39.53954   8.21213   7.91599
 39.63964   8.20600   7.92168
 39.73974   8.19962   7.92726
 39.83984   8.19301   7.93274
 39.93994   8.18617   7.93812
 40.04004   8.17911   7.94339
 40.14014   8.17183   7.94856
 40.24024   8.16434   7.95361
 40.34034   8.15664   7.95856
 40.44044   8.14873   7.96340
 40.54054   8.14064   7.96812
 40.64064   8.13235   7.97274
 40.74074   8.12388   7.97723
 40.84084   8.11523   7.98162
 40.94094   8.10641   7.98588
 41.04104   8.09743   7.99003
 41.14114   8.08828   7.99407
 41.24124   8.07897   7.99798
 41.34134   8.06952   8.00177
 41.44144   8.05993   8.00545
 41.54154   8.05019   8.00900
 41.64164   8.04033   8.01243
 41.74174   8.03033   8.01574
 41.84184   8.02022   8.01893
 41.94194   8.00999   8.02199
 42.04204   7.99965   8.02494
 42.14214   7.98921   8.02776
 42.24224   7.97867   8.03045
 42.34234   7.96804   8.03302
 42.44244   7.95732   8.03547
 42.54254   7.94651   8.03779
 42.64264   7.93564   8.03999
 42.74274   7.92469   8.04207
 42.84284   7.91367   8.04402
 42.94294   7.90260   8.04584
 43.04304   7.89147   8.04755
 43.14314   7.88029   8.04913
 43.24324   7.86907   8.05059
 43.34334   7.85781   8.05192
 43.44344   7.84651   8.05313
 43.54354   7.83519   8.05422
 43.64364   7.82385   8.05519
 43.74374   7.81248   8.05604
 43.84384   7.80110   8.05677
 43.94394   7.78972   8.05738
 44.04404   7.77833   8.05786
 44.14414   7.76694   8.05824
 44.24424   7.75556   8.05849
 44.34434   7.74418   8.05863
 44.44444   7.73283   8.05865
 44.54454   7.72149   8.05856
 44.64464   7.71018   8.05835
 44.74474   7.69890   8.05803
 44.84484   7.68765   8.05760
 44.94494   7.67644   8.05706
 45.04505   7.66527   8.05642
 45.14515   7.65415   8.05566
 45.24525   7.64308   8.05480
 45.34535   7.63207   8.05383
 45.44545   7.62111   8.05276
 45.54555   7.61022   8.05158
 45.64565   7.59940   8.05030
 45.74575   7.58864   8.04893
 45.84585   7.57796   8.04746
 45.94595   7.56736   8.04589
 46.04605   7.55684   8.04422
 46.14615   7.54641   8.04246
 46.24625   7.53606   8.04061
 46.34635   7.52581   8.03867
 46.44645   7.51566   8.03665
 46.54655   7.50560   8.03453
 46.64665   7.49565   8.03233
 46.74675   7.48580   8.03005
 46.84685   7.47607   8.02769
 46.94695   7.46644   8.02524
 47.04705   7.45693   8.02272
 47.14715   7.44754   8.02013
 47.24725   7.43827   8.01746
 47.34735   7.42912   8.01472
 47.44745   7.42010   8.01191
 47.54755   7.41120   8.00903
 47.64765   7.40244   8.00608
 47.74775   7.39381   8.00308
 47.84785   7.38532   8.00001
 47.94795   7.37697   7.99688
 48.04805   7.36875   7.99369
 48.14815   7.36068   7.99045
 48.24825   7.35276   7.98715
 48.34835   7.34498   7.98381
 48.44845   7.33734   7.98041
 48.54855   7.32986   7.97697
 48.64865   7.32254   7.97348
 48.74875   7.31536   7.96995
 48.84885   7.30834   7.96638
 48.94895   7.30148   7.96277
 49.04905   7.29477   7.95912
 49.14915   7.28823   7.95544
 49.24925   7.28185   7.95172
 49.34935   7.27562   7.94798
 49.44945   7.26957   7.94420
 49.54955   7.26367   7.94040
 49.64965   7.25794   7.93658
 49.74975   7.25238   7.93273
 49.84985   7.24698   7.92887
 49.94995   7.24176   7.92499
 50.05005   7.23670   7.92109
 50.15015   7.23181   7.91717
 50.25025   7.22709   7.91325
 50.35035   7.22254   7.90931
 50.45045   7.21815   7.90537
 50.55055   7.21394   7.90143
 50.65065   7.20991   7.89747
 50.75075   7.20604   7.89352
 50.85085   7.20234   7.88957
 50.95095   7.19881   7.88561
 51.05105   7.19546   7.88167
 51.15115   7.19228   7.87772
 51.25125   7.18926   7.87379
 51.35135   7.18642   7.86987
 51.45145   7.18375   7.86595
 51.55155   7.18125   7.86205
 51.65165   7.17891   7.85816
 51.75175   7.17675   7.85429
 51.85185   7.17475   7.85044
 51.95195   7.17292   7.84661
 52.05205   7.17126   7.84280
 52.15215   7.16976   7.83901
 52.25225   7.16843   7.83525
 52.35235   7.16727   7.83151
 52.45245   7.16626   7.82780
 52.55255   7.16542   7.82412
 52.65265   7.16474   7.82047
 52.75275   7.16422   7.81685
 52.85285   7.16385   7.81327
 52.95295   7.16365   7.80972
 53.05305   7.16360   7.80620
 53.15315   7.16371   7.80273
 53.25325   7.16396   7.79929
 53.35335   7.16437   7.79589
 53.45345   7.16493   7.79253
 53.55355   7.16564   7.78922
 53.65365   7.16650   7.78595
 53.75375   7.16750   7.78272
 53.85385   7.16864   7.77954
 53.95395   7.16993   7.77640
 54.05405   7.17135   7.77332
 54.15415   7.17292   7.77028
 54.25425   7.17461   7.76729
 54.35435   7.17645   7.76435
 54.45445   7.17841   7.76146
 54.55455   7.18051   7.75863
 54.65465   7.18273   7.75584
 54.75475   7.18508   7.75312
 54.85485   7.18755   7.75044
 54.95495   7.19014   7.74782
 55.05506   7.19285   7.74526
 55.15516   7.19568   7.74275
 55.25526   7.19862   7.74030
 55.35536   7.20167   7.73790
 55.45546   7.20483   7.73557
 55.55556   7.20810   7.73329
 55.65566   7.21148   7.73107
 55.75576   7.21495   7.72891
 55.85586   7.21853   7.72681
 55.95596   7.22220   7.72477
 56.05606   7.22597   7.72279
 56.15616   7.22983   7.72087
 56.25626   7.23378   7.71901
 56.35636   7.23781   7.71721
 56.45646   7.24193   7.71547
 56.55656   7.24614   7.71380
 56.65666   7.25042   7.71219
 56.75676   7.25477   7.71063
 56.85686   7.25920   7.70914
 56.95696   7.26370   7.70771
 57.05706   7.26827   7.70635
 57.15716   7.27291   7.70504
 57.25726   7.27760   7.70380
 57.35736   7.28236   7.70261
 57.45746   7.28717   7.70149
 57.55756   7.29204   7.70043
 57.65766   7.29696   7.69943
 57.75776   7.30193   7.69850
 57.85786   7.30695   7.69762
 57.95796   7.31201   7.69680
 58.05806   7.31711   7.69605
 58.15816   7.32224   7.69535
 58.25826   7.32742   7.69471
 58.35836   7.33262   7.69414
 58.45846   7.33786   7.69362
 58.55856   7.34312   7.69316
 58.65866   7.34841   7.69276
 58.75876   7.35372   7.69241
 58.85886   7.35904   7.69213
 58.95896   7.36439   7.69190
 59.05906   7.36975   7.69173
 59.15916   7.37512   7.69161
 59.25926   7.38049   7.69155
 59.35936   7.38588   7.69154
 59.45946   7.39126   7.69159
 59.55956   7.39665   7.69169
 59.65966   7.40204   7.69184
 59.75976   7.40742   7.69205
 59.85986   7.41280   7.69231
 59.95996   7.41816   7.69262
 60.06006   7.42352   7.69298
 60.16016   7.42886   7.69339
 60.26026   7.43419   7.69385
 60.36036   7.43949   7.69435
 60.46046   7.44478   7.69491
 60.56056   7.45004   7.69551
 60.66066   7.45528   7.69616
 60.76076   7.46049   7.69685
 60.86086   7.46567   7.69759
 60.96096   7.47081   7.69837
 61.06106   7.47593   7.69920
 61.16116   7.48101   7.70007
 61.26126   7.48604   7.70098
 61.36136   7.49104   7.70193
 61.46146   7.49600   7.70292
 61.56156   7.50091   7.70395
 61.66166   7.50578   7.70501
 61.76176   7.51060   7.70612
 61.86186   7.51537   7.70726
 61.96196   7.52009   7.70844
 62.06206   7.52475   7.70965
 62.16216   7.52936   7.71089
 62.26226   7.53391   7.71217
 62.36236   7.53841   7.71348
 62.46246   7.54285   7.71482
 62.56256   7.54722   7.71619
 62.66266   7.55153   7.71759
 62.76276   7.55578   7.71902
 62.86286   7.55997   7.72048
 62.96296   7.56408   7.72197
 63.06306   7.56813   7.72347
 63.16316   7.57211   7.72501
 63.26326   7.57602   7.72657
 63.36336   7.57986   7.72815
 63.46346   7.58362   7.72975
 63.56356   7.58731   7.73138
 63.66366   7.59093   7.73302
 63.76376   7.59447   7.73468
 63.86386   7.59793   7.73637
 63.96396   7.60132   7.73806
 64.06406   7.60463   7.73978
 64.16416   7.60786   7.74151
 64.26426   7.61101   7.74326
 64.36436   7.61408   7.74502
 64.46446   7.61706   7.74679
 64.56456   7.61997   7.74858
 64.66466   7.62279   7.75037
 64.76476   7.62554   7.75218
 64.86486   7.62819   7.75399
 64.96496   7.63077   7.75582
 65.06507   7.63326   7.75765
 65.16517   7.63566   7.75949
 65.26527   7.63798   7.76133
 65.36537   7.64022   7.76318
 65.46547   7.64237   7.76503
 65.56557   7.64444   7.76689
 65.66567   7.64642   7.76874
 65.76577   7.64831   7.77060
 65.86587   7.65012   7.77246
 65.96597   7.65185   7.77432
 66.06607   7.65348   7.77618
 66.16617   7.65504   7.77804
 66.26627   7.65650   7.77989
 66.36637   7.65789   7.78174
 66.46647   7.65919   7.78359
 66.56657   7.66040   7.78543
 66.66667   7.66153   7.78727
 66.76677   7.66257   7.78910
 66.86687   7.66353   7.79092
 66.96697   7.66441   7.79274
 67.06707   7.66521   7.79454
 67.16717   7.66592   7.79634
 67.26727   7.66655   7.79813
 67.36737   7.66710   7.79990
 67.46747   7.66757   7.80167
 67.56757   7.66796   7.80342
 67.66767   7.66827   7.80516
 67.76777   7.66850   7.80688
 67.86787   7.66865   7.80859
 67.96797   7.66872   7.81029
 68.06807   7.66872   7.81197
 68.16817   7.66864   7.81364
 68.26827   7.66849   7.81529
 68.36837   7.66826   7.81692
 68.46847   7.66796   7.81853
 68.56857   7.66758   7.82013
 68.66867   7.66714   7.82171
 68.76877   7.66662   7.82327
 68.86887   7.66603   7.82481
 68.96897   7.66538   7.82632
 69.06907   7.66465   7.82782
 69.16917   7.66386   7.82930
 69.26927   7.66300   7.83075
 69.36937   7.66208   7.83218
 69.46947   7.66110   7.83359
 69.56957   7.66005   7.83498
 69.66967   7.65894   7.83634
 69.76977   7.65777   7.83768
 69.86987   7.65654   7.83900
 69.96997   7.65525   7.84029
 70.07007   7.65390   7.84156
 70.17017   7.65250   7.84280
 70.27027   7.65105   7.84401
 70.37037   7.64954   7.84520
 70.47047   7.64798   7.84637
 70.57057   7.64637   7.84750
 70.67067   7.64470   7.84861
 70.77077   7.64299   7.84970
 70.87087   7.64123   7.85075
 70.97097   7.63943   7.85178
 71.07107   7.63758   7.85278
 71.17117   7.63569   7.85376
 71.27127   7.63376   7.85470
 71.37137   7.63178   7.85562
 71.47147   7.62977   7.85651
 71.57157   7.62771   7.85737
 71.67167   7.62562   7.85820
 71.77177   7.62350   7.85901
 71.87187   7.62134   7.85978
 71.97197   7.61914   7.86053
 72.07207   7.61692   7.86124
 72.17217   7.61466   7.86193
 72.27227   7.61238   7.86259
 72.37237   7.61007   7.86322
 72.47247   7.60773   7.86382
 72.57257   7.60537   7.86439
 72.67267   7.60298   7.86494
 72.77277   7.60057   7.86545
 72.87287   7.59814   7.86594
 72.97297   7.59569   7.86639
 73.07307   7.59322   7.86682
 73.17317   7.59073   7.86722
 73.27327   7.58823   7.86759
 73.37337   7.58571   7.86793
 73.47347   7.58318   7.86824
 73.57357   7.58063   7.86853
 73.67367   7.57808   7.86879
 73.77377   7.57551   7.86901
 73.87387   7.57294   7.86921
 73.97397   7.57036   7.86939
 74.07407   7.56777   7.86953
 74.17417   7.56518   7.86965
 74.27427   7.56259   7.86974
 74.37437   7.55999   7.86980
 74.47447   7.55739   7.86984
 74.57457   7.55480   7.86985
 74.67467   7.55220   7.86984
 74.77477   7.54960   7.86979
 74.87487   7.54701   7.86973
 74.97497   7.54443   7.86963
 75.07508   7.54185   7.86952
 75.17518   7.53927   7.86937
 75.27528   7.53670   7.86921
 75.37538   7.53415   7.86901
 75.47548   7.53160   7.86880
 75.57558   7.52906   7.86856
 75.67568   7.52654   7.86830
 75.77578   7.52403   7.86801
 75.87588   7.52153   7.86770
 75.97598   7.51905   7.86737
 76.07608   7.51658   7.86702
 76.17618   7.51413   7.86664
 76.27628   7.51170   7.86625
 76.37638   7.50928   7.86583
 76.47648   7.50689   7.86540
 76.57658   7.50452   7.86494
 76.67668   7.50216   7.86446
 76.77678   7.49983   7.86397
 76.87688   7.49753   7.86345
 76.97698   7.49524   7.86292
 77.07708   7.49299   7.86237
 77.17718   7.49075   7.86180
 77.27728   7.48855   7.86122
 77.37738   7.48637   7.86062
 77.47748   7.48421   7.86000
 77.57758   7.48209   7.85937
 77.67768   7.47999   7.85872
 77.77778   7.47793   7.85805
 77.87788   7.47589   7.85737
 77.97798   7.47389   7.85668
 78.07808   7.47192   7.85597
 78.17818   7.46997   7.85526
 78.27828   7.46807   7.85452
 78.37838   7.46619   7.85378
 78.47848   7.46435   7.85302
 78.57858   7.46254   7.85226
 78.67868   7.46077   7.85148
 78.77878   7.45903   7.85069
 78.87888   7.45733   7.84989
 78.97898   7.45566   7.84908
 79.07908   7.45403   7.84827
 79.17918   7.45244   7.84744
 79.27928   7.45088   7.84661
 79.37938   7.44936   7.84577
 79.47948   7.44788   7.84492
 79.57958   7.44644   7.84407
 79.67968   7.44503   7.84320
 79.77978   7.44367   7.84234
 79.87988   7.44234   7.84147
 79.97998   7.44105   7.84059
 80.08008   7.43980   7.83971
 80.18018   7.43859   7.83882
 80.28028   7.43742   7.83793
 80.38038   7.43629   7.83704
 80.48048   7.43520   7.83615
 80.58058   7.43415   7.83525
 80.68068   7.43314   7.83435
 80.78078   7.43217   7.83345
 80.88088   7.43123   7.83255
 80.98098   7.43034   7.83165
 81.08108   7.42949   7.83075
 81.18118   7.42868   7.82985
 81.28128   7.42791   7.82895
 81.38138   7.42718   7.82805
 81.48148   7.42649   7.82716
 81.58158   7.42584   7.82626
 81.68168   7.42523   7.82537
 81.78178   7.42466   7.82448
 81.88188   7.42413   7.82359
 81.98198   7.42364   7.82271
 82.08208   7.42319   7.82183
 82.18218   7.42278   7.82095
 82.28228   7.42241   7.82008
 82.38238   7.42207   7.81922
 82.48248   7.42178   7.81836
 82.58258   7.42152   7.81750
 82.68268   7.42130   7.81665
 82.78278   7.42112   7.81581
 82.88288   7.42098   7.81497
 82.98298   7.42087   7.81415
 83.08308   7.42080   7.81332
 83.18318   7.42077   7.81251
 83.28328   7.42077   7.81170
 83.38338   7.42081   7.81091
 83.48348   7.42089   7.81012
 83.58358   7.42100   7.80934
 83.68368   7.42114   7.80856
 83.78378   7.42132   7.80780
 83.88388   7.42153   7.80705
 83.98398   7.42178   7.80631
 84.08408   7.42206   7.80557
 84.18418   7.42238   7.80485
 84.28428   7.42272   7.80414
 84.38438   7.42310   7.80344
 84.48448   7.42351   7.80275
 84.58458   7.42395   7.80207
 84.68468   7.42442   7.80140
 84.78478   7.42492   7.80074
 84.88488   7.42545   7.80010
 84.98498   7.42601   7.79946
 85.08509   7.42659   7.79884
 85.18519   7.42721   7.79823
 85.28529   7.42785   7.79764
 85.38539   7.42852   7.79705
 85.48549   7.42921   7.79648
 85.58559   7.42993   7.79593
 85.68569   7.43068   7.79538
 85.78579   7.43145   7.79485
 85.88589   7.43224   7.79433
 85.98599   7.43306   7.79382
 86.08609   7.43390   7.79333
 86.18619   7.43476   7.79285
 86.28629   7.43564   7.79239
 86.38639   7.43655   7.79194
 86.48649   7.43747   7.79150
 86.58659   7.43841   7.79107
 86.68669   7.43938   7.79066
 86.78679   7.44036   7.79027
 86.88689   7.44136   7.78988
 86.98699   7.44237   7.78952
 87.08709   7.44341   7.78916
 87.18719   7.44445   7.78882
 87.28729   7.44552   7.78849
 87.38739   7.44660   7.78818
 87.48749   7.44769   7.78788
 87.58759   7.44880   7.78760
 87.68769   7.44992   7.78733
 87.78779   7.45105   7.78707
 87.88789   7.45219   7.78683
 87.98799   7.45334   7.78660
 88.08809   7.45451   7.78639
 88.18819   7.45568   7.78619
 88.28829   7.45686   7.78600
 88.38839   7.45805   7.78583
 88.48849   7.45925   7.78567
 88.58859   7.46046   7.78553
 88.68869   7.46167   7.78540
 88.78879   7.46289   7.78528
 88.88889   7.46411   7.78517
 88.98899   7.46534   7.78508
 89.08909   7.46657   7.78500
 89.18919   7.46781   7.78494
 89.28929   7.46904   7.78489
 89.38939   7.47028   7.78485
 89.48949   7.47153   7.78482
 89.58959   7.47277   7.78481
 89.68969   7.47401   7.78481
 89.78979   7.47526   7.78482
 89.88989   7.47650   7.78485
 89.98999   7.47774   7.78488
 90.09009   7.47898   7.78493
 90.19019   7.48022   7.78499
 90.29029   7.48146   7.78507
 90.39039   7.48269   7.78515
 90.49049   7.48392   7.78525
 90.59059   7.48514   7.78536
 90.69069   7.48636   7.78547
 90.79079   7.48757   7.78560
 90.89089   7.48878   7.78574
 90.99099   7.48998   7.78590
 91.09109   7.49118   7.78606
 91.19119   7.49236   7.78623
 91.29129   7.49354   7.78641
 91.39139   7.49471   7.78660
 91.49149   7.49587   7.78681
 91.59159   7.49702   7.78702
 91.69169   7.49817   7.78724
 91.79179   7.49930   7.78747
 91.89189   7.50042   7.78771
 91.99199   7.50153   7.78796
 92.09209   7.50263   7.78822
 92.19219   7.50372   7.78848
 92.29229   7.50480   7.78876
 92.39239   7.50586   7.78904
 92.49249   7.50691   7.78933
 92.59259   7.50795   7.78963
 92.69269   7.50897   7.78993
 92.79279   7.50998   7.79024
 92.89289   7.51098   7.79056
 92.99299   7.51196   7.79089
 93.09309   7.51293   7.79122
 93.19319   7.51388   7.79156
 93.29329   7.51481   7.79190
 93.39339   7.51573   7.79226
 93.49349   7.51664   7.79261
 93.59359   7.51752   7.79298
 93.69369   7.51840   7.79334
 93.79379   7.51925   7.79372
 93.89389   7.52009   7.79409
 93.99399   7.52091   7.79448
 94.09409   7.52171   7.79486
 94.19419   7.52250   7.79525
 94.29429   7.52326   7.79565
 94.39439   7.52401   7.79605
 94.49449   7.52475   7.79645
 94.59459   7.52546   7.79685
 94.69469   7.52615   7.79726
 94.79479   7.52683   7.79768
 94.89489   7.52749   7.79809
 94.99499   7.52813   7.79851
 95.09510   7.52875   7.79893
 95.19520   7.52935   7.79935
 95.29530   7.52993   7.79977
 95.39540   7.53049   7.80019
 95.49550   7.53104   7.80062
 95.59560   7.53156   7.80105
 95.69570   7.53207   7.80148
 95.79580   7.53255   7.80191
 95.89590   7.53302   7.80234
 95.99600   7.53346   7.80277
 96.09610   7.53389   7.80320
 96.19620   7.53430   7.80363
 96.29630   7.53469   7.80406
 96.39640   7.53505   7.80449
 96.49650   7.53540   7.80492
 96.59660   7.53573   7.80535
 96.69670   7.53604   7.80577
 96.79680   7.53633   7.80620
 96.89690   7.53661   7.80663
 96.99700   7.53686   7.80705
 97.09710   7.53709   7.80747
 97.19720   7.53731   7.80789
 97.29730   7.53750   7.80831
 97.39740   7.53768   7.80873
 97.49750   7.53784   7.80914
 97.59760   7.53797   7.80956
 97.69770   7.53809   7.80996
 97.79780   7.53820   7.81037
 97.89790   7.53828   7.81077
 97.99800   7.53835   7.81117
 98.09810   7.53839   7.81157
 98.19820   7.53842   7.81196
 98.29830   7.53844   7.81235
 98.39840   7.53843   7.81274
 98.49850   7.53841   7.81312
 98.59860   7.53837   7.81350
 98.69870   7.53831   7.81388
 98.79880   7.53824   7.81425
 98.89890   7.53815   7.81461
 98.99900   7.53804   7.81497
 99.09910   7.53792   7.81533
 99.19920   7.53778   7.81568
 99.29930   7.53762   7.81603
 99.39940   7.53745   7.81637
 99.49950   7.53727   7.81671
 99.59960   7.53707   7.81704
 99.69970   7.53685   7.81737
 99.79980   7.53662   7.81769
 99.89990   7.53638   7.81800
100.00000   7.53612   7.81832
