#	X	Y	Z
  0.00000   4.52000   0.18450
  0.10010   4.78120   0.18623
  0.20020   5.05256   0.18798
  0.30030   5.33393   0.18975
  0.40040   5.62506   0.19154
  0.50050   5.92565   0.19335
  0.60060   6.23530   0.19517
  0.70070   6.55356   0.19702
  0.80080   6.87991   0.19889
  0.90090   7.21372   0.20078
  1.00100   7.55433   0.20269
  1.10110   7.90100   0.20461
  1.20120   8.25291   0.20656
  1.30130   8.60923   0.20853
  1.40140   8.96903   0.21052
  1.50150   9.33138   0.21252
  1.60160   9.69532   0.21455
  1.70170  10.05985   0.21660
  1.80180  10.42399   0.21867
  1.90190  10.78673   0.22076
  2.00200  11.14712   0.22287
  2.10210  11.50419   0.22501
  2.20220  11.85704   0.22716
  2.30230  12.20478   0.22934
  2.40240  12.54660   0.23154
  2.50250  12.88174   0.23375
  2.60260  13.20950   0.23600
  2.70270  13.52925   0.23826
  2.80280  13.84045   0.24054
  2.90290  14.14260   0.24285
  3.00300  14.43530   0.24518
  3.10310  14.71822   0.24754
  3.20320  14.99110   0.24991
  3.30330  15.25376   0.25231
  3.40340  15.50607   0.25473
  3.50350  15.74797   0.25718
  3.60360  15.97948   0.25965
  3.70370  16.20063   0.26214
  3.80380  16.41155   0.26466
  3.90390  16.61236   0.26720
  4.00400  16.80327   0.26977
  4.10410  16.98449   0.27236
  4.20420  17.15628   0.27498
  4.30430  17.31889   0.27762
  4.40440  17.47263   0.28029
  4.50450  17.61780   0.28298
  4.60460  17.75473   0.28570
  4.70470  17.88372   0.28844
  4.80480  18.00513   0.29121
  4.90490  18.11927   0.29401
  5.00501  18.22647   0.29683
  5.10511  18.32708   0.29968
  5.20521  18.42141   0.30256
  5.30531  18.50977   0.30547
  5.40541  18.59248   0.30840
  5.50551  18.66984   0.31136
  5.60561  18.74214   0.31435
  5.70571  18.80966   0.31737
  5.80581  18.87268   0.32041
  5.90591  18.93144   0.32349
  6.00601  18.98621   0.32659
  6.10611  19.03721   0.32972
  6.20621  19.08467   0.33289
  6.30631  19.12882   0.33608
  6.40641  19.16985   0.33930
  6.50651  19.20795   0.34256
  6.60661  19.24331   0.34584
  6.70671  19.27610   0.34916
  6.80681  19.30649   0.35251
  6.90691  19.33463   0.35588
  7.00701  19.36066   0.35929
  7.10711  19.38473   0.36274
  7.20721  19.40695   0.36621
  7.30731  19.42745   0.36972
  7.40741  19.44634   0.37326
  7.50751  19.46373   0.37684
  7.60761  19.47972   0.38044
  7.70771  19.49439   0.38408
  7.80781  19.50785   0.38776
  7.90791  19.52016   0.39147
  8.00801  19.53140   0.39522
  8.10811  19.54164   0.39900
  8.20821  19.55096   0.40281
  8.30831  19.55941   0.40667
  8.40841  19.56705   0.41055
  8.50851  19.57393   0.41448
  8.60861  19.58010   0.41844
  8.70871  19.58562   0.42244
  8.80881  19.59052   0.42647
  8.90891  19.59484   0.43055
  9.00901  19.59863   0.43466
  9.10911  19.60191   0.43881
  9.20921  19.60473   0.44300
  9.30931  19.60710   0.44722
  9.40941  19.60906   0.45149
  9.50951  19.61064   0.45580
  9.60961  19.61186   0.46014
  9.70971  19.61274   0.46453
  9.80981  19.61331   0.46896
  9.90991  19.61358   0.47343
 10.01001  19.61357   0.47794
 10.11011  19.61330   0.48249
 10.21021  19.61279   0.48709
 10.31031  19.61204   0.49173
 10.41041  19.61108   0.49641
 10.51051  19.60991   0.50113
 10.61061  19.60855   0.50590
 10.71071  19.60701   0.51071
 10.81081  19.60530   0.51557
 10.91091  19.60343   0.52047
 11.01101  19.60140   0.52542
 11.11111  19.59923   0.53041
 11.21121  19.59692   0.53545
 11.31131  19.59448   0.54054
 11.41141  19.59192   0.54567
 11.51151  19.58923   0.55085
 11.61161  19.58643   0.55608
 11.71171  19.58353   0.56136
 11.81181  19.58052   0.56668
 11.91191  19.57742   0.57206
 12.01201  19.57421   0.57748
 12.11211  19.57092   0.58295
 12.21221  19.56754   0.58848
 12.31231  19.56407   0.59405
 12.41241  19.56053   0.59968
 12.51251  19.55690   0.60536
 12.61261  19.55320   0.61108
 12.71271  19.54942   0.61687
 12.81281  19.54557   0.62270
 12.91291  19.54165   0.62859
 13.01301  19.53766   0.63453
 13.11311  19.53361   0.64053
 13.21321  19.52948   0.64658
 13.31331  19.52530   0.65268
 13.41341  19.52105   0.65885
 13.51351  19.51674   0.66506
 13.61361  19.51236   0.67134
 13.71371  19.50793   0.67767
 13.81381  19.50344   0.68406
 13.91391  19.49888   0.69051
 14.01401  19.49427   0.69701
 14.11411  19.48961   0.70358
 14.21421  19.48488   0.71020
 14.31431  19.48010   0.71689
 14.41441  19.47526   0.72363
 14.51451  19.47036   0.73044
 14.61461  19.46541   0.73731
 14.71471  19.46041   0.74424
 14.81481  19.45534   0.75123
 14.91491  19.45022   0.75829
 15.01502  19.44505   0.76540
 15.11512  19.43982   0.77259
 15.21522  19.43453   0.77984
 15.31532  19.42919   0.78715
 15.41542  19.42379   0.79453
 15.51552  19.41834   0.80197
 15.61562  19.41283   0.80948
 15.71572  19.40726   0.81706
 15.81582  19.40164   0.82471
 15.91592  19.39596   0.83242
 16.01602  19.39023   0.84021
 16.11612  19.38443   0.84806
 16.21622  19.37858   0.85599
 16.31632  19.37267   0.86398
 16.41642  19.36671   0.87205
 16.51652  19.36068   0.88018
 16.61662  19.35460   0.88839
 16.71672  19.34846   0.89668
 16.81682  19.34225   0.90503
 16.91692  19.33599   0.91346
 17.01702  19.32967   0.92197
 17.11712  19.32328   0.93055
 17.21722  19.31684   0.93920
 17.31732  19.31033   0.94793
 17.41742  19.30376   0.95674
 17.51752  19.29713   0.96563
 17.61762  19.29044   0.97459
 17.71772  19.28368   0.98364
 17.81782  19.27686   0.99276
 17.91792  19.26997   1.00196
 18.01802  19.26302   1.01125
 18.11812  19.25600   1.02061
 18.21822  19.24892   1.03006
 18.31832  19.24177   1.03959
 18.41842  19.23455   1.04920
 18.51852  19.22727   1.05890
 18.61862  19.21991   1.06868
 18.71872  19.21249   1.07854
 18.81882  19.20500   1.08849
 18.91892  19.19744   1.09853
 19.01902  19.18981   1.10865
 19.11912  19.18211   1.11886
 19.21922  19.17433   1.12916
 19.31932  19.16649   1.13955
 19.41942  19.15857   1.15003
 19.51952  19.15057   1.16060
 19.61962  19.14250   1.17126
 19.71972  19.13436   1.18201
 19.81982  19.12614   1.19285
 19.91992  19.11785   1.20379
 20.02002  19.10948   1.21481
 20.12012  19.10103   1.22594
 20.22022  19.09251   1.23715
 20.32032  19.08390   1.24847
 20.42042  19.07522   1.25988
 20.52052  19.06645   1.27138
 20.62062  19.05761   1.28299
 20.72072  19.04868   1.29469
 20.82082  19.03968   1.30649
 20.92092  19.03058   1.31839
 21.02102  19.02141   1.33039
 21.12112  19.01215   1.34249
 21.22122  19.00281   1.35469
 21.32132  18.99338   1.36700
 21.42142  18.98386   1.37940
 21.52152  18.97426   1.39191
 21.62162  18.96457   1.40453
 21.72172  18.95479   1.41725
 21.82182  18.94492   1.43008
 21.92192  18.93497   1.44301
 22.02202  18.92492   1.45605
 22.12212  18.91478   1.46920
 22.22222  18.90454   1.48245
 22.32232  18.89422   1.49582
 22.42242  18.88380   1.50929
 22.52252  18.87328   1.52288
 22.62262  18.86267   1.53658
 22.72272  18.85197   1.55039
 22.82282  18.84116   1.56431
 22.92292  18.83026   1.57834
 23.02302  18.81926   1.59249
 23.12312  18.80816   1.60676
 23.22322  18.79696   1.62114
 23.32332  18.78566   1.63563
 23.42342  18.77426   1.65024
 23.52352  18.76276   1.66497
 23.62362  18.75115   1.67982
 23.72372  18.73943   1.69479
 23.82382  18.72762   1.70988
 23.92392  18.71569   1.72508
 24.02402  18.70366   1.74041
 24.12412  18.69152   1.75586
 24.22422  18.67927   1.77144
 24.32432  18.66691   1.78713
 24.42442  18.65445   1.80295
 24.52452  18.64187   1.81890
 24.62462  18.62917   1.83497
 24.72472  18.61637   1.85116
 24.82482  18.60345   1.86748
 24.92492  18.59041   1.88393
 25.02503  18.57726   1.90051
 25.12513  18.56400   1.91721
 25.22523  18.55061   1.93405
 25.32533  18.53711   1.95101
 25.42543  18.52348   1.96811
 25.52553  18.50974   1.98533
 25.62563  18.49587   2.00269
 25.72573  18.48188   2.02018
 25.82583  18.46777   2.03781
 25.92593  18.45354   2.05556
 26.02603  18.43918   2.07346
 26.12613  18.42469   2.09148
 26.22623  18.41007   2.10965
 26.32633  18.39533   2.12794
 26.42643  18.38046   2.14638
 26.52653  18.36545   2.16495
 26.62663  18.35032   2.18367
 26.72673  18.33505   2.20252
 26.82683  18.31965   2.22150
 26.92693  18.30412   2.24063
 27.02703  18.28845   2.25990
 27.12713  18.27264   2.27931
 27.22723  18.25670   2.29887
 27.32733  18.24062   2.31856
 27.42743  18.22440   2.33840
 27.52753  18.20804   2.35838
 27.62763  18.19153   2.37850
 27.72773  18.17489   2.39877
 27.82783  18.15810   2.41918
 27.92793  18.14116   2.43974
 28.02803  18.12408   2.46044
 28.12813  18.10686   2.48129
 28.22823  18.08948   2.50229
 28.32833  18.07196   2.52343
 28.42843  18.05429   2.54472
 28.52853  18.03647   2.56616
 28.62863  18.01849   2.58775
 28.72873  18.00036   2.60949
 28.82883  17.98208   2.63137
 28.92893  17.96364   2.65341
 29.02903  17.94504   2.67560
 29.12913  17.92629   2.69793
 29.22923  17.90738   2.72042
 29.32933  17.88831   2.74306
 29.42943  17.86907   2.76584
 29.52953  17.84968   2.78879
 29.62963  17.83012   2.81188
 29.72973  17.81040   2.83512
 29.82983  17.79052   2.85852
 29.92993  17.77046   2.88207
 30.03003  17.75024   2.90578
 30.13013  17.72985   2.92963
 30.23023  17.70929   2.95364
 30.33033  17.68856   2.97781
 30.43043  17.66766   3.00212
 30.53053  17.64658   3.02660
 30.63063  17.62533   3.05122
 30.73073  17.60391   3.07600
 30.83083  17.58231   3.10094
 30.93093  17.56053   3.12602
 31.03103  17.53857   3.15127
 31.13113  17.51643   3.17666
 31.23123  17.49411   3.20222
 31.33133  17.47161   3.22792
 31.43143  17.44892   3.25378
 31.53153  17.42605   3.27980
 31.63163  17.40300   3.30597
 31.73173  17.37975   3.33229
 31.83183  17.35632   3.35877
 31.93193  17.33270   3.38540
 32.03203  17.30889   3.41218
 32.13213  17.28489   3.43912
 32.23223  17.26070   3.46621
 32.33233  17.23631   3.49346
 32.43243  17.21173   3.52085
 32.53253  17.18695   3.54840
 32.63263  17.16198   3.57610
 32.73273  17.13680   3.60395
 32.83283  17.11143   3.63196
 32.93293  17.08586   3.66011
 33.03303  17.06008   3.68842
 33.13313  17.03411   3.71687
 33.23323  17.00792   3.74548
 33.33333  16.98154   3.77423
 33.43343  16.95495   3.80313
 33.53353  16.92815   3.83218
 33.63363  16.90114   3.86138
 33.73373  16.87393   3.89072
 33.83383  16.84650   3.92021
 33.93393  16.81886   3.94984
 34.03403  16.79101   3.97962
 34.13413  16.76295   4.00954
 34.23423  16.73467   4.03960
 34.33433  16.70618   4.06981
 34.43443  16.67747   4.10015
 34.53453  16.64854   4.13064
 34.63463  16.61939   4.16126
 34.73473  16.59003   4.19202
 34.83483  16.56044   4.22292
 34.93493  16.53063   4.25395
 35.03504  16.50060   4.28512
 35.13514  16.47035   4.31642
 35.23524  16.43987   4.34786
 35.33534  16.40916   4.37942
 35.43544  16.37823   4.41111
 35.53554  16.34707   4.44293
 35.63564  16.31569   4.47488
 35.73574  16.28407   4.50695
 35.83584  16.25222   4.53914
 35.93594  16.22014   4.57146
 36.03604  16.18783   4.60390
 36.13614  16.15529   4.63646
 36.23624  16.12252   4.66913
 36.33634  16.08950   4.70192
 36.43644  16.05626   4.73482
 36.53654  16.02278   4.76784
 36.63664  15.98906   4.80096
 36.73674  15.95510   4.83419
 36.83684  15.92091   4.86753
 36.93694  15.88647   4.90097
 37.03704  15.85180   4.93452
 37.13714  15.81688   4.96816
 37.23724  15.78173   5.00190
 37.33734  15.74633   5.03574
 37.43744  15.71069   5.06967
 37.53754  15.67481   5.10369
 37.63764  15.63868   5.13780
 37.73774  15.60231   5.17200
 37.83784  15.56569   5.20628
 37.93794  15.52883   5.24064
 38.03804  15.49172   5.27507
 38.13814  15.45437   5.30959
 38.23824  15.41677   5.34417
 38.33834  15.37892   5.37883
 38.43844  15.34083   5.41356
 38.53854  15.30249   5.44834
 38.63864  15.26390   5.48319
 38.73874  15.22506   5.51810
 38.83884  15.18597   5.55307
 38.93894  15.14663   5.58808
 39.03904  15.10705   5.62315
 39.13914  15.06721   5.65826
 39.23924  15.02713   5.69341
 39.33934  14.98679   5.72861
 39.43944  14.94621   5.76384
 39.53954  14.90538   5.79910
 39.63964  14.86429   5.83439
 39.73974  14.82296   5.86971
 39.83984  14.78138   5.90504
 39.93994  14.73954   5.94040
 40.04004  14.69746   5.97577
 40.14014  14.65513   6.01115
 40.24024  14.61255   6.04653
 40.34034  14.56972   6.08192
 40.44044  14.52665   6.11731
 40.54054  14.48332   6.15269
 40.64064  14.43975   6.18806
 40.74074  14.39593   6.22342
 40.84084  14.35186   6.25876
 40.94094  14.30755   6.29408
 41.04104  14.26299   6.32937
 41.14114  14.21819   6.36463
 41.24124  14.17314   6.39985
 41.34134  14.12785   6.43503
 41.44144  14.08232   6.47017
 41.54154  14.03655   6.50526
 41.64164  13.99053   6.54029
 41.74174  13.94428   6.57527
 41.84184  13.89778   6.61018
 41.94194  13.85105   6.64502
 42.04204  13.80408   6.67979
 42.14214  13.75688   6.71448
 42.24224  13.70944   6.74908
 42.34234  13.66177   6.78360
 42.44244  13.61387   6.81802
 42.54254  13.56574   6.85234
 42.64264  13.51738   6.88656
 42.74274  13.46879   6.92066
 42.84284  13.41998   6.95466
 42.94294  13.37094   6.98853
 43.04304  13.32169   7.02227
 43.14314  13.27221   7.05589
 43.24324  13.22252   7.08936
 43.34334  13.17261   7.12269
 43.44344  13.12248   7.15588
 43.54354  13.07215   7.18891
 43.64364  13.02160   7.22178
 43.74374  12.97085   7.25448
 43.84384  12.91989   7.28701
 43.94394  12.86874   7.31937
 44.04404  12.81738   7.35154
 44.14414  12.76583   7.38352
 44.24424  12.71408   7.41531
 44.34434  12.66214   7.44689
 44.44444  12.61001   7.47827
 44.54454  12.55770   7.50944
 44.64464  12.50520   7.54038
 44.74474  12.45253   7.57110
 44.84484  12.39968   7.60159
 44.94494  12.34666   7.63184
 45.04505  12.29347   7.66185
 45.14515  12.24011   7.69160
 45.24525  12.18660   7.72110
 45.34535  12.13292   7.75034
 45.44545  12.07909   7.77931
 45.54555  12.02511   7.80801
 45.64565  11.97099   7.83642
 45.74575  11.91672   7.86455
 45.84585  11.86232   7.89239
 45.94595  11.80778   7.91992
 46.04605  11.75312   7.94715
 46.14615  11.69833   7.97407
 46.24625  11.64342   8.00067
 46.34635  11.58840   8.02695
 46.44645  11.53326   8.05289
 46.54655  11.47802   8.07850
 46.64665  11.42269   8.10377
 46.74675  11.36726   8.12869
 46.84685  11.31174   8.15326
 46.94695  11.25613   8.17746
 47.04705  11.20045   8.20130
 47.14715  11.14470   8.22477
 47.24725  11.08888   8.24786
 47.34735  11.03300   8.27057
 47.44745  10.97707   8.29289
 47.54755  10.92108   8.31482
 47.64765  10.86506   8.33634
 47.74775  10.80900   8.35746
 47.84785  10.75291   8.37817
 47.94795  10.69680   8.39846
 48.04805  10.64067   8.41833
 48.14815  10.58454   8.43778
 48.24825  10.52840   8.45679
 48.34835  10.47227   8.47536
 48.44845  10.41615   8.49350
 48.54855  10.36004   8.51119
 48.64865  10.30397   8.52843
 48.74875  10.24793   8.54521
 48.84885  10.19193   8.56153
 48.94895  10.13598   8.57739
 49.04905  10.08009   8.59278
 49.14915  10.02427   8.60770
 49.24925   9.96851   8.62214
 49.34935   9.91284   8.63611
 49.44945   9.85726   8.64959
 49.54955   9.80178   8.66258
 49.64965   9.74640   8.67508
 49.74975   9.69114   8.68709
 49.84985   9.63600   8.69861
 49.94995   9.58099   8.70962
 50.05005   9.52613   8.72014
 50.15015   9.47141   8.73015
 50.25025   9.41685   8.73966
 50.35035   9.36247   8.74866
 50.45045   9.30825   8.75715
 50.55055   9.25423   8.76512
 50.65065   9.20039   8.77259
 50.75075   9.14677   8.77954
 50.85085   9.09335   8.78598
 50.95095   9.04016   8.79190
 51.05105   8.98720   8.79731
 51.15115   8.93448   8.80220
 51.25125   8.88202   8.80658
 51.35135   8.82981   8.81044
 51.45145   8.77788   8.81378
 51.55155   8.72622   8.81661
 51.65165   8.67485   8.81893
 51.75175   8.62379   8.82073
 51.85185   8.57303   8.82203
 51.95195   8.52259   8.82281
 52.05205   8.47248   8.82309
 52.15215   8.42270   8.82286
 52.25225   8.37327   8.82213
 52.35235   8.32420   8.82089
 52.45245   8.27550   8.81917
 52.55255   8.22717   8.81695
 52.65265   8.17923   8.81423
 52.75275   8.13168   8.81104
 52.85285   8.08453   8.80736
 52.95295   8.03780   8.80320
 53.05305   7.99149   8.79857
 53.15315   7.94561   8.79347
 53.25325   7.90017   8.78791
 53.35335   7.85519   8.78189
 53.45345   7.81066   8.77542
 53.55355   7.76660   8.76850
 53.65365   7.72301   8.76114
 53.75375   7.67991   8.75335
 53.85385   7.63730   8.74513
 53.95395   7.59520   8.73650
 54.05405   7.55360   8.72745
 54.15415   7.51252   8.71800
 54.25425   7.47197   8.70814
 54.35435   7.43196   8.69790
 54.45445   7.39248   8.68728
 54.55455   7.35355   8.67629
 54.65465   7.31518   8.66493
 54.75475   7.27738   8.65322
 54.85485   7.24014   8.64116
 54.95495   7.20348   8.62876
 55.05506   7.16741   8.61603
 55.15516   7.13192   8.60299
 55.25526   7.09704   8.58964
 55.35536   7.06275   8.57599
 55.45546   7.02908   8.56205
 55.55556   6.99602   8.54783
 55.65566   6.96358   8.53334
 55.75576   6.93176   8.51860
 55.85586   6.90058   8.50361
 55.95596   6.87003   8.48838
 56.05606   6.84012   8.47293
 56.15616   6.81085   8.45726
 56.25626   6.78224   8.44139
 56.35636   6.75427   8.42532
 56.45646   6.72696   8.40908
 56.55656   6.70031   8.39266
 56.65666   6.67433   8.37608
 56.75676   6.64901   8.35936
 56.85686   6.62436   8.34249
 56.95696   6.60038   8.32550
 57.05706   6.57708   8.30840
 57.15716   6.55445   8.29119
 57.25726   6.53250   8.27388
 57.35736   6.51123   8.25650
 57.45746   6.49064   8.23904
 57.55756   6.47073   8.22153
 57.65766   6.45151   8.20396
 57.75776   6.43297   8.18636
 57.85786   6.41511   8.16873
 57.95796   6.39794   8.15108
 58.05806   6.38146   8.13342
 58.15816   6.36566   8.11577
 58.25826   6.35054   8.09813
 58.35836   6.33611   8.08052
 58.45846   6.32236   8.06294
 58.55856   6.30930   8.04540
 58.65866   6.29692   8.02792
 58.75876   6.28521   8.01050
 58.85886   6.27419   7.99315
 58.95896   6.26384   7.97589
 59.05906   6.25416   7.95871
 59.15916   6.24516   7.94164
 59.25926   6.23683   7.92467
 59.35936   6.22916   7.90781
 59.45946   6.22216   7.89108
 59.55956   6.21582   7.87449
 59.65966   6.21014   7.85803
 59.75976   6.20512   7.84172
 59.85986   6.20074   7.82557
 59.95996   6.19701   7.80957
 60.06006   6.19393   7.79375
 60.16016   6.19148   7.77810
 60.26026   6.18967   7.76263
 60.36036   6.18849   7.74736
 60.46046   6.18794   7.73227
 60.56056   6.18801   7.71739
 60.66066   6.18869   7.70271
 60.76076   6.18998   7.68824
 60.86086   6.19188   7.67399
 60.96096   6.19438   7.65996
 61.06106   6.19747   7.64616
 61.16116   6.20115   7.63258
 61.26126   6.20541   7.61924
 61.36136   6.21025   7.60614
 61.46146   6.21566   7.59328
 61.56156   6.22163   7.58066
 61.66166   6.22815   7.56830
 61.76176   6.23523   7.55618
 61.86186   6.24284   7.54432
 61.96196   6.25100   7.53272
 62.06206   6.25967   7.52138
 62.16216   6.26887   7.51030
 62.26226   6.27858   7.49949
 62.36236   6.28880   7.48894
 62.46246   6.29951   7.47866
 62.56256   6.31071   7.46866
 62.66266   6.32239   7.45892
 62.76276   6.33454   7.44945
 62.86286   6.34715   7.44026
 62.96296   6.36022   7.43134
 63.06306   6.37373   7.42270
 63.16316   6.38768   7.41434
 63.26326   6.40205   7.40625
 63.36336   6.41684   7.39843
 63.46346   6.43204   7.39089
 63.56356   6.44764   7.38363
 63.66366   6.46362   7.37665
 63.76376   6.47999   7.36994
 63.86386   6.49672   7.36350
 63.96396   6.51381   7.35734
 64.06406   6.53125   7.35146
 64.16416   6.54903   7.34584
 64.26426   6.56713   7.34050
 64.36436   6.58555   7.33543
 64.46446   6.60427   7.33062
 64.56456   6.62330   7.32609
 64.66466   6.64260   7.32182
 64.76476   6.66218   7.31782
 64.86486   6.68202   7.31408
 64.96496   6.70211   7.31060
 65.06507   6.72244   7.30738
 65.16517   6.74299   7.30442
 65.26527   6.76377   7.30172
 65.36537   6.78475   7.29927
 65.46547   6.80592   7.29707
 65.56557   6.82727   7.29512
 65.66567   6.84880   7.29342
 65.76577   6.87048   7.29196
 65.86587   6.89231   7.29074
 65.96597   6.91427   7.28976
 66.06607   6.93636   7.28902
 66.16617   6.95856   7.28851
 66.26627   6.98086   7.28824
 66.36637   7.00324   7.28819
 66.46647   7.02570   7.28837
 66.56657   7.04823   7.28877
 66.66667   7.07081   7.28939
 66.76677   7.09342   7.29023
 66.86687   7.11607   7.29129
 66.96697   7.13873   7.29255
 67.06707   7.16140   7.29402
 67.16717   7.18407   7.29570
 67.26727   7.20671   7.29757
 67.36737   7.22933   7.29965
 67.46747   7.25190   7.30192
 67.56757   7.27443   7.30438
 67.66767   7.29689   7.30703
 67.76777   7.31928   7.30987
 67.86787   7.34158   7.31288
 67.96797   7.36379   7.31608
 68.06807   7.38589   7.31945
 68.16817   7.40787   7.32299
 68.26827   7.42973   7.32670
 68.36837   7.45145   7.33057
 68.46847   7.47302   7.33461
 68.56857   7.49443   7.33880
 68.66867   7.51568   7.34315
 68.76877   7.53675   7.34765
 68.86887   7.55763   7.35229
 68.96897   7.57832   7.35708
 69.06907   7.59880   7.36201
 69.16917   7.61907   7.36708
 69.26927   7.63911   7.37227
 69.36937   7.65893   7.37760
 69.46947   7.67850   7.38306
 69.56957   7.69783   7.38863
 69.66967   7.71690   7.39433
 69.76977   7.73572   7.40014
 69.86987   7.75426   7.40606
 69.96997   7.77252   7.41209
 70.07007   7.79050   7.41822
 70.17017   7.80819   7.42446
 70.27027   7.82558   7.43079
 70.37037   7.84267   7.43722
 70.47047   7.85945   7.44373
 70.57057   7.87592   7.45034
 70.67067   7.89207   7.45703
 70.77077   7.90789   7.46379
 70.87087   7.92338   7.47064
 70.97097   7.93853   7.47755
 71.07107   7.95335   7.48454
 71.17117   7.96782   7.49159
 71.27127   7.98194   7.49870
 71.37137   7.99571   7.50588
 71.47147   8.00913   7.51311
 71.57157   8.02219   7.52039
 71.67167   8.03489   7.52772
 71.77177   8.04722   7.53509
 71.87187   8.05919   7.54251
 71.97197   8.07079   7.54996
 72.07207   8.08202   7.55745
 72.17217   8.09288   7.56498
 72.27227   8.10336   7.57253
 72.37237   8.11347   7.58011
 72.47247   8.12320   7.58771
 72.57257   8.13256   7.59532
 72.67267   8.14154   7.60296
 72.77277   8.15014   7.61061
 72.87287   8.15836   7.61826
 72.97297   8.16620   7.62592
 73.07307   8.17367   7.63359
 73.17317   8.18076   7.64126
 73.27327   8.18747   7.64892
 73.37337   8.19380   7.65658
 73.47347   8.19976   7.66422
 73.57357   8.20535   7.67186
 73.67367   8.21056   7.67948
 73.77377   8.21541   7.68709
 73.87387   8.21988   7.69467
 73.97397   8.22399   7.70223
 74.07407   8.22773   7.70976
 74.17417   8.23111   7.71726
 74.27427   8.23413   7.72473
 74.37437   8.23679   7.73217
 74.47447   8.23910   7.73957
 74.57457   8.24106   7.74693
 74.67467   8.24267   7.75425
 74.77477   8.24393   7.76152
 74.87487   8.24484   7.76874
 74.97497   8.24542   7.77592
 75.07508   8.24567   7.78304
 75.17518   8.24558   7.79010
 75.27528   8.24517   7.79711
 75.37538   8.24443   7.80406
 75.47548   8.24337   7.81094
 75.57558   8.24199   7.81776
 75.67568   8.24030   7.82452
 75.77578   8.23831   7.83120
 75.87588   8.23601   7.83781
 75.97598   8.23341   7.84435
 76.07608   8.23052   7.85082
 76.17618   8.22734   7.85720
 76.27628   8.22388   7.86351
 76.37638   8.22014   7.86973
 76.47648   8.21612   7.87587
 76.57658   8.21183   7.88193
 76.67668   8.20728   7.88790
 76.77678   8.20246   7.89378
 76.87688   8.19739   7.89957
 76.97698   8.19208   7.90527
 77.07708   8.18651   7.91087
 77.17718   8.18071   7.91638
 77.27728   8.17468   7.92179
 77.37738   8.16841   7.92710
 77.47748   8.16192   7.93231
 77.57758   8.15522   7.93742
 77.67768   8.14830   7.94243
 77.77778   8.14117   7.94733
 77.87788   8.13385   7.95213
 77.97798   8.12632   7.95682
 78.07808   8.11861   7.96140
 78.17818   8.11071   7.96588
 78.27828   8.10263   7.97024
 78.37838   8.09438   7.97449
 78.47848   8.08596   7.97864
 78.57858   8.07738   7.98267
 78.67868   8.06863   7.98658
 78.77878   8.05974   7.99038
 78.87888   8.05070   7.99407
 78.97898   8.04152   7.99764
 79.07908   8.03220   8.00110
 79.17918   8.02276   8.00443
 79.27928   8.01319   8.00765
 79.37938   8.00350   8.01076
 79.47948   7.99370   8.01374
 79.57958   7.98379   8.01661
 79.67968   7.97377   8.01935
 79.77978   7.96366   8.02198
 79.87988   7.95346   8.02449
 79.97998   7.94317   8.02688
 80.08008   7.93280   8.02915
 80.18018   7.92236   8.03130
 80.28028   7.91184   8.03333
 80.38038   7.90126   8.03524
 80.48048   7.89062   8.03703
 80.58058   7.87993   8.03870
 80.68068   7.86918   8.04025
 80.78078   7.85839   8.04169
 80.88088   7.84756   8.04300
 80.98098   7.83670   8.04420
 81.08108   7.82581   8.04528
 81.18118   7.81489   8.04624
 81.28128   7.80395   8.04709
 81.38138   7.79300   8.04782
 81.48148   7.78204   8.04844
 81.58158   7.77107   8.04894
 81.68168   7.76010   8.04932
 81.78178   7.74914   8.04960
 81.88188   7.73818   8.04976
 81.98198   7.72724   8.04981
 82.08208   7.71631   8.04975
 82.18218   7.70541   8.04958
 82.28228   7.69453   8.04930
 82.38238   7.68369   8.04891
 82.48248   7.67288   8.04842
 82.58258   7.66211   8.04782
 82.68268   7.65138   8.04712
 82.78278   7.64070   8.04631
 82.88288   7.63007   8.04540
 82.98298   7.61950   8.04440
 83.08308   7.60898   8.04329
 83.18318   7.59853   8.04209
 83.28328   7.58815   8.04079
 83.38338   7.57784   8.03939
 83.48348   7.56760   8.03790
 83.58358   7.55744   8.03632
 83.68368   7.54736   8.03465
 83.78378   7.53736   8.03289
 83.88388   7.52746   8.03105
 83.98398   7.51764   8.02912
 84.08408   7.50792   8.02710
 84.18418   7.49830   8.02500
 84.28428   7.48878   8.02283
 84.38438   7.47937   8.02057
 84.48448   7.47006   8.01824
 84.58458   7.46086   8.01583
 84.68468   7.45177   8.01335
 84.78478   7.44280   8.01080
 84.88488   7.43395   8.00817
 84.98498   7.42522   8.00549
 85.08509   7.41661   8.00273
 85.18519   7.40812   7.99991
 85.28529   7.39977   7.99703
 85.38539   7.39155   7.99409
 85.48549   7.38345   7.99109
 85.58559   7.37550   7.98804
 85.68569   7.36768   7.98493
 85.78579   7.36000   7.98177
 85.88589   7.35246   7.97856
 85.98599   7.34506   7.97530
 86.08609   7.33780   7.97200
 86.18619   7.33070   7.96865
 86.28629   7.32374   7.96526
 86.38639   7.31693   7.96183
 86.48649   7.31027   7.95836
 86.58659   7.30376   7.95486
 86.68669   7.29741   7.95132
 86.78679   7.29121   7.94776
 86.88689   7.28517   7.94416
 86.98699   7.27928   7.94053
 87.08709   7.27356   7.93688
 87.18719   7.26799   7.93320
 87.28729   7.26258   7.92950
 87.38739   7.25733   7.92579
 87.48749   7.25225   7.92205
 87.58759   7.24732   7.91830
 87.68769   7.24256   7.91454
 87.78779   7.23797   7.91076
 87.88789   7.23353   7.90697
 87.98799   7.22926   7.90318
 88.08809   7.22516   7.89938
 88.18819   7.22122   7.89557
 88.28829   7.21744   7.89177
 88.38839   7.21383   7.88796
 88.48849   7.21039   7.88415
 88.58859   7.20711   7.88035
 88.68869   7.20399   7.87655
 88.78879   7.20104   7.87276
 88.88889   7.19826   7.86898
 88.98899   7.19564   7.86520
 89.08909   7.19318   7.86144
 89.18919   7.19088   7.85769
 89.28929   7.18875   7.85396
 89.38939   7.18678   7.85025
 89.48949   7.18497   7.84655
 89.58959   7.18333   7.84287
 89.68969   7.18184   7.83922
 89.78979   7.18051   7.83559
 89.88989   7.17935   7.83198
 89.98999   7.17833   7.82840
 90.09009   7.17748   7.82484
 90.19019   7.17678   7.82132
 90.29029   7.17624   7.81782
 90.39039   7.17585   7.81436
 90.49049   7.17561   7.81093
 90.59059   7.17552   7.80754
 90.69069   7.17558   7.80418
 90.79079   7.17579   7.80085
 90.89089   7.17615   7.79757
 90.99099   7.17665   7.79432
 91.09109   7.17729   7.79112
 91.19119   7.17808   7.78795
 91.29129   7.17900   7.78483
 91.39139   7.18007   7.78175
 91.49149   7.18127   7.77872
 91.59159   7.18261   7.77573
 91.69169   7.18408   7.77279
 91.79179   7.18568   7.76990
 91.89189   7.18741   7.76705
 91.99199   7.18927   7.76425
 92.09209   7.19126   7.76150
 92.19219   7.19337   7.75881
 92.29229   7.19560   7.75616
 92.39239   7.19795   7.75357
 92.49249   7.20041   7.75103
 92.59259   7.20300   7.74854
 92.69269   7.20569   7.74610
 92.79279   7.20850   7.74373
 92.89289   7.21141   7.74140
 92.99299   7.21443   7.73913
 93.09309   7.21756   7.73692
 93.19319   7.22078   7.73476
 93.29329   7.22411   7.73266
 93.39339   7.22753   7.73062
 93.49349   7.23104   7.72864
 93.59359   7.23465   7.72671
 93.69369   7.23835   7.72484
 93.79379   7.24213   7.72303
 93.89389   7.24600   7.72128
 93.99399   7.24995   7.71959
 94.09409   7.25397   7.71795
 94.19419   7.25808   7.71638
 94.29429   7.26226   7.71486
 94.39439   7.26651   7.71341
 94.49449   7.27083   7.71201
 94.59459   7.27522   7.71068
 94.69469   7.27967   7.70940
 94.79479   7.28418   7.70818
 94.89489   7.28875   7.70702
 94.99499   7.29337   7.70592
 95.09510   7.29805   7.70488
 95.19520   7.30278   7.70390
 95.29530   7.30755   7.70298
 95.39540   7.31238   7.70211
 95.49550   7.31724   7.70131
 95.59560   7.32214   7.70056
 95.69570   7.32709   7.69987
 95.79580   7.33206   7.69924
 95.89590   7.33707   7.69866
 95.99600   7.34211   7.69814
 96.09610   7.34717   7.69768
 96.19620   7.35226   7.69728
 96.29630   7.35737   7.69693
 96.39640   7.36250   7.69663
 96.49650   7.36765   7.69639
 96.59660   7.37281   7.69621
 96.69670   7.37798   7.69608
 96.79680   7.38316   7.69600
 96.89690   7.38835   7.69598
 96.99700   7.39354   7.69600
 97.09710   7.39873   7.69608
 97.19720   7.40392   7.69622
 97.29730   7.40911   7.69640
 97.39740   7.41429   7.69663
 97.49750   7.41947   7.69691
 97.59760   7.42463   7.69724
 97.69770   7.42978   7.69762
 97.79780   7.43492   7.69805
 97.89790   7.44004   7.69852
 97.99800   7.44514   7.69904
 98.09810   7.45021   7.69961
 98.19820   7.45527   7.70022
 98.29830   7.46030   7.70087
 98.39840   7.46530   7.70157
 98.49850   7.47026   7.70231
 98.59860   7.47520   7.70309
 98.69870   7.48010   7.70392
 98.79880   7.48497   7.70478
 98.89890   7.48980   7.70568
 98.99900   7.49459   7.70662
 99.09910   7.49933   7.70760
 99.19920   7.50404   7.70862
 99.29930   7.50869   7.70967
 99.39940   7.51330   7.71076
 99.49950   7.51787   7.71188
 99.59960   7.52238   7.71304
 99.69970   7.52683   7.71423
 99.79980   7.53124   7.71545
 99.89990   7.53559   7.71671
100.00000   7.53988   7.71799
