#	X	Y	Z
  0.00000   6.36000  10.76739
  0.10010   6.23470  10.70105
  0.20020   6.11264  10.63281
  0.30030   5.99381  10.56275
  0.40040   5.87821  10.49094
  0.50050   5.76582  10.41745
  0.60060   5.65663  10.34238
  0.70070   5.55064  10.26580
  0.80080   5.44782  10.18781
  0.90090   5.34818  10.10850
  1.00100   5.25168  10.02796
  1.10110   5.15832   9.94629
  1.20120   5.06808   9.86361
  1.30130   4.98094   9.78000
  1.40140   4.89687   9.69557
  1.50150   4.81586   9.61044
  1.60160   4.73788   9.52470
  1.70170   4.66290   9.43847
  1.80180   4.59090   9.35186
  1.90190   4.52184   9.26497
  2.00200   4.45569   9.17791
  2.10210   4.39243   9.09080
  2.20220   4.33202   9.00373
  2.30230   4.27441   8.91681
  2.40240   4.21959   8.83015
  2.50250   4.16749   8.74383
  2.60260   4.11810   8.65797
  2.70270   4.07137   8.57265
  2.80280   4.02725   8.48797
  2.90290   3.98571   8.40400
  3.00300   3.94672   8.32084
  3.10310   3.91021   8.23857
  3.20320   3.87617   8.15726
  3.30330   3.84454   8.07697
  3.40340   3.81529   7.99778
  3.50350   3.78837   7.91975
  3.60360   3.76375   7.84294
  3.70370   3.74139   7.76739
  3.80380   3.72124   7.69317
  3.90390   3.70328   7.62030
  4.00400   3.68746   7.54884
  4.10410   3.67375   7.47881
  4.20420   3.66212   7.41025
  4.30430   3.65253   7.34318
  4.40440   3.64494   7.27763
  4.50450   3.63933   7.21362
  4.60460   3.63567   7.15116
  4.70470   3.63393   7.09027
  4.80480   3.63408   7.03095
  4.90490   3.63609   6.97322
  5.00501   3.63994   6.91706
  5.10511   3.64560   6.86249
  5.20521   3.65305   6.80950
  5.30531   3.66226   6.75809
  5.40541   3.67323   6.70824
  5.50551   3.68592   6.65996
  5.60561   3.70031   6.61323
  5.70571   3.71640   6.56804
  5.80581   3.73415   6.52438
  5.90591   3.75356   6.48222
  6.00601   3.77461   6.44156
  6.10611   3.79729   6.40237
  6.20621   3.82157   6.36464
  6.30631   3.84745   6.32835
  6.40641   3.87492   6.29348
  6.50651   3.90396   6.26000
  6.60661   3.93456   6.22790
  6.70671   3.96670   6.19716
  6.80681   4.00039   6.16774
  6.90691   4.03560   6.13964
  7.00701   4.07232   6.11283
  7.10711   4.11056   6.08728
  7.20721   4.15028   6.06298
  7.30731   4.19149   6.03989
  7.40741   4.23418   6.01801
  7.50751   4.27832   5.99730
  7.60761   4.32392   5.97774
  7.70771   4.37096   5.95931
  7.80781   4.41942   5.94199
  7.90791   4.46930   5.92575
  8.00801   4.52058   5.91058
  8.10811   4.57325   5.89646
  8.20821   4.62729   5.88335
  8.30831   4.68269   5.87125
  8.40841   4.73943   5.86012
  8.50851   4.79749   5.84996
  8.60861   4.85686   5.84073
  8.70871   4.91752   5.83243
  8.80881   4.97945   5.82503
  8.90891   5.04262   5.81851
  9.00901   5.10701   5.81285
  9.10911   5.17260   5.80804
  9.20921   5.23936   5.80406
  9.30931   5.30727   5.80088
  9.40941   5.37629   5.79850
  9.50951   5.44640   5.79689
  9.60961   5.51756   5.79604
  9.70971   5.58974   5.79593
  9.80981   5.66291   5.79655
  9.90991   5.73703   5.79788
 10.01001   5.81206   5.79990
 10.11011   5.88796   5.80261
 10.21021   5.96470   5.80597
 10.31031   6.04222   5.80999
 10.41041   6.12048   5.81465
 10.51051   6.19944   5.81992
 10.61061   6.27905   5.82580
 10.71071   6.35926   5.83228
 10.81081   6.44002   5.83934
 10.91091   6.52127   5.84697
 11.01101   6.60297   5.85515
 11.11111   6.68507   5.86387
 11.21121   6.76749   5.87313
 11.31131   6.85020   5.88290
 11.41141   6.93312   5.89318
 11.51151   7.01621   5.90395
 11.61161   7.09940   5.91521
 11.71171   7.18264   5.92694
 11.81181   7.26586   5.93913
 11.91191   7.34900   5.95177
 12.01201   7.43200   5.96484
 12.11211   7.51481   5.97835
 12.21221   7.59735   5.99227
 12.31231   7.67957   6.00660
 12.41241   7.76141   6.02133
 12.51251   7.84281   6.03644
 12.61261   7.92371   6.05193
 12.71271   8.00404   6.06779
 12.81281   8.08376   6.08401
 12.91291   8.16279   6.10057
 13.01301   8.24110   6.11748
 13.11311   8.31861   6.13471
 13.21321   8.39528   6.15226
 13.31331   8.47106   6.17013
 13.41341   8.54589   6.18830
 13.51351   8.61972   6.20676
 13.61361   8.69250   6.22551
 13.71371   8.76420   6.24453
 13.81381   8.83476   6.26382
 13.91391   8.90414   6.28338
 14.01401   8.97230   6.30318
 14.11411   9.03920   6.32323
 14.21421   9.10481   6.34351
 14.31431   9.16909   6.36402
 14.41441   9.23201   6.38474
 14.51451   9.29353   6.40568
 14.61461   9.35364   6.42683
 14.71471   9.41230   6.44816
 14.81481   9.46949   6.46969
 14.91491   9.52518   6.49139
 15.01502   9.57937   6.51327
 15.11512   9.63203   6.53532
 15.21522   9.68314   6.55752
 15.31532   9.73270   6.57987
 15.41542   9.78068   6.60236
 15.51552   9.82709   6.62499
 15.61562   9.87191   6.64775
 15.71572   9.91514   6.67063
 15.81582   9.95677   6.69362
 15.91592   9.99681   6.71672
 16.01602  10.03525   6.73992
 16.11612  10.07210   6.76322
 16.21622  10.10735   6.78660
 16.31632  10.14101   6.81005
 16.41642  10.17309   6.83358
 16.51652  10.20359   6.85718
 16.61662  10.23253   6.88083
 16.71672  10.25991   6.90454
 16.81682  10.28575   6.92829
 16.91692  10.31005   6.95208
 17.01702  10.33283   6.97590
 17.11712  10.35411   6.99975
 17.21722  10.37389   7.02361
 17.31732  10.39220   7.04749
 17.41742  10.40905   7.07137
 17.51752  10.42446   7.09525
 17.61762  10.43845   7.11912
 17.71772  10.45103   7.14298
 17.81782  10.46223   7.16682
 17.91792  10.47206   7.19063
 18.01802  10.48055   7.21441
 18.11812  10.48771   7.23815
 18.21822  10.49357   7.26184
 18.31832  10.49815   7.28548
 18.41842  10.50147   7.30906
 18.51852  10.50355   7.33258
 18.61862  10.50441   7.35602
 18.71872  10.50408   7.37939
 18.81882  10.50258   7.40268
 18.91892  10.49992   7.42587
 19.01902  10.49614   7.44897
 19.11912  10.49126   7.47197
 19.21922  10.48528   7.49486
 19.31932  10.47825   7.51764
 19.41942  10.47018   7.54030
 19.51952  10.46110   7.56283
 19.61962  10.45102   7.58523
 19.71972  10.43996   7.60750
 19.81982  10.42796   7.62962
 19.91992  10.41503   7.65159
 20.02002  10.40119   7.67341
 20.12012  10.38646   7.69507
 20.22022  10.37088   7.71656
 20.32032  10.35444   7.73788
 20.42042  10.33719   7.75902
 20.52052  10.31913   7.77998
 20.62062  10.30029   7.80075
 20.72072  10.28069   7.82133
 20.82082  10.26035   7.84170
 20.92092  10.23929   7.86188
 21.02102  10.21753   7.88184
 21.12112  10.19508   7.90159
 21.22122  10.17197   7.92111
 21.32132  10.14822   7.94042
 21.42142  10.12384   7.95949
 21.52152  10.09885   7.97832
 21.62162  10.07328   7.99691
 21.72172  10.04713   8.01526
 21.82182  10.02043   8.03336
 21.92192   9.99320   8.05120
 22.02202   9.96544   8.06878
 22.12212   9.93719   8.08609
 22.22222   9.90845   8.10314
 22.32232   9.87925   8.11991
 22.42242   9.84960   8.13640
 22.52252   9.81951   8.15261
 22.62262   9.78900   8.16853
 22.72272   9.75809   8.18416
 22.82282   9.72679   8.19950
 22.92292   9.69513   8.21453
 23.02302   9.66311   8.22926
 23.12312   9.63075   8.24369
 23.22322   9.59806   8.25780
 23.32332   9.56506   8.27160
 23.42342   9.53177   8.28508
 23.52352   9.49819   8.29823
 23.62362   9.46435   8.31107
 23.72372   9.43026   8.32357
 23.82382   9.39593   8.33574
 23.92392   9.36138   8.34758
 24.02402   9.32661   8.35908
 24.12412   9.29165   8.37024
 24.22422   9.25650   8.38105
 24.32432   9.22118   8.39152
 24.42442   9.18571   8.40165
 24.52452   9.15009   8.41142
 24.62462   9.11434   8.42084
 24.72472   9.07848   8.42990
 24.82482   9.04251   8.43861
 24.92492   9.00644   8.44696
 25.02503   8.97030   8.45496
 25.12513   8.93409   8.46259
 25.22523   8.89782   8.46986
 25.32533   8.86151   8.47676
 25.42543   8.82516   8.48330
 25.52553   8.78880   8.48948
 25.62563   8.75243   8.49529
 25.72573   8.71606   8.50073
 25.82583   8.67971   8.50580
 25.92593   8.64339   8.51051
 26.02603   8.60710   8.51485
 26.12613   8.57086   8.51883
 26.22623   8.53469   8.52244
 26.32633   8.49858   8.52568
 26.42643   8.46256   8.52855
 26.52653   8.42663   8.53106
 26.62663   8.39080   8.53321
 26.72673   8.35509   8.53499
 26.82683   8.31950   8.53641
 26.92693   8.28405   8.53747
 27.02703   8.24875   8.53817
 27.12713   8.21360   8.53852
 27.22723   8.17861   8.53851
 27.32733   8.14380   8.53815
 27.42743   8.10918   8.53744
 27.52753   8.07475   8.53638
 27.62763   8.04052   8.53497
 27.72773   8.00651   8.53322
 27.82783   7.97273   8.53113
 27.92793   7.93917   8.52871
 28.02803   7.90586   8.52595
 28.12813   7.87279   8.52287
 28.22823   7.83999   8.51946
 28.32833   7.80745   8.51572
 28.42843   7.77519   8.51167
 28.52853   7.74322   8.50730
 28.62863   7.71153   8.50263
 28.72873   7.68015   8.49765
 28.82883   7.64908   8.49237
 28.92893   7.61832   8.48679
 29.02903   7.58789   8.48093
 29.12913   7.55779   8.47477
 29.22923   7.52803   8.46834
 29.32933   7.49862   8.46164
 29.42943   7.46956   8.45466
 29.52953   7.44086   8.44742
 29.62963   7.41252   8.43992
 29.72973   7.38457   8.43217
 29.82983   7.35699   8.42417
 29.92993   7.32980   8.41593
 30.03003   7.30300   8.40746
 30.13013   7.27660   8.39876
 30.23023   7.25060   8.38984
 30.33033   7.22502   8.38070
 30.43043   7.19985   8.37136
 30.53053   7.17510   8.36182
 30.63063   7.15077   8.35208
 30.73073   7.12688   8.34215
 30.83083   7.10342   8.33204
 30.93093   7.08041   8.32176
 31.03103   7.05783   8.31131
 31.13113   7.03571   8.30070
 31.23123   7.01404   8.28993
 31.33133   6.99282   8.27903
 31.43143   6.97207   8.26798
 31.53153   6.95178   8.25680
 31.63163   6.93196   8.24550
 31.73173   6.91260   8.23408
 31.83183   6.89372   8.22255
 31.93193   6.87532   8.21092
 32.03203   6.85739   8.19920
 32.13213   6.83995   8.18738
 32.23223   6.82298   8.17549
 32.33233   6.80651   8.16352
 32.43243   6.79052   8.15149
 32.53253   6.77502   8.13940
 32.63263   6.76001   8.12726
 32.73273   6.74549   8.11507
 32.83283   6.73146   8.10285
 32.93293   6.71793   8.09059
 33.03303   6.70489   8.07832
 33.13313   6.69235   8.06602
 33.23323   6.68030   8.05372
 33.33333   6.66875   8.04141
 33.43343   6.65769   8.02911
 33.53353   6.64713   8.01682
 33.63363   6.63707   8.00454
 33.73373   6.62750   7.99229
 33.83383   6.61842   7.98007
 33.93393   6.60984   7.96788
 34.03403   6.60175   7.95574
 34.13413   6.59415   7.94365
 34.23423   6.58705   7.93161
 34.33433   6.58043   7.91963
 34.43443   6.57430   7.90771
 34.53453   6.56865   7.89587
 34.63463   6.56349   7.88411
 34.73473   6.55881   7.87242
 34.83483   6.55461   7.86083
 34.93493   6.55089   7.84933
 35.03504   6.54764   7.83792
 35.13514   6.54486   7.82662
 35.23524   6.54255   7.81543
 35.33534   6.54071   7.80435
 35.43544   6.53933   7.79339
 35.53554   6.53841   7.78254
 35.63564   6.53795   7.77182
 35.73574   6.53793   7.76124
 35.83584   6.53837   7.75078
 35.93594   6.53925   7.74046
 36.03604   6.54057   7.73029
 36.13614   6.54233   7.72026
 36.23624   6.54452   7.71037
 36.33634   6.54713   7.70064
 36.43644   6.55017   7.69106
 36.53654   6.55363   7.68164
 36.63664   6.55750   7.67238
 36.73674   6.56178   7.66328
 36.83684   6.56647   7.65435
 36.93694   6.57155   7.64559
 37.03704   6.57702   7.63700
 37.13714   6.58288   7.62858
 37.23724   6.58913   7.62033
 37.33734   6.59574   7.61226
 37.43744   6.60273   7.60437
 37.53754   6.61009   7.59667
 37.63764   6.61780   7.58914
 37.73774   6.62586   7.58179
 37.83784   6.63427   7.57464
 37.93794   6.64301   7.56766
 38.03804   6.65209   7.56088
 38.13814   6.66150   7.55428
 38.23824   6.67123   7.54787
 38.33834   6.68126   7.54165
 38.43844   6.69160   7.53562
 38.53854   6.70225   7.52979
 38.63864   6.71318   7.52414
 38.73874   6.72439   7.51869
 38.83884   6.73589   7.51342
 38.93894   6.74765   7.50835
 39.03904   6.75968   7.50348
 39.13914   6.77195   7.49879
 39.23924   6.78448   7.49430
 39.33934   6.79725   7.48999
 39.43944   6.81024   7.48588
 39.53954   6.82346   7.48196
 39.63964   6.83690   7.47823
 39.73974   6.85054   7.47469
 39.83984   6.86439   7.47134
 39.93994   6.87842   7.46818
 40.04004   6.89264   7.46521
 40.14014   6.90704   7.46242
 40.24024   6.92160   7.45982
 40.34034   6.93632   7.45740
 40.44044   6.95119   7.45517
 40.54054   6.96621   7.45311
 40.64064   6.98136   7.45124
 40.74074   6.99664   7.44955
 40.84084   7.01203   7.44804
 40.94094   7.02754   7.44670
 41.04104   7.04314   7.44554
 41.14114   7.05884   7.44456
 41.24124   7.07462   7.44374
 41.34134   7.09048   7.44310
 41.44144   7.10641   7.44262
 41.54154   7.12240   7.44231
 41.64164   7.13844   7.44217
 41.74174   7.15452   7.44219
 41.84184   7.17063   7.44237
 41.94194   7.18678   7.44271
 42.04204   7.20294   7.44321
 42.14214   7.21911   7.44387
 42.24224   7.23529   7.44467
 42.34234   7.25146   7.44563
 42.44244   7.26762   7.44674
 42.54254   7.28375   7.44799
 42.64264   7.29986   7.44939
 42.74274   7.31593   7.45093
 42.84284   7.33195   7.45262
 42.94294   7.34793   7.45444
 43.04304   7.36384   7.45639
 43.14314   7.37969   7.45848
 43.24324   7.39546   7.46070
 43.34334   7.41115   7.46305
 43.44344   7.42676   7.46552
 43.54354   7.44226   7.46812
 43.64364   7.45767   7.47084
 43.74374   7.47296   7.47368
 43.84384   7.48814   7.47663
 43.94394   7.50320   7.47970
 44.04404   7.51813   7.48288
 44.14414   7.53292   7.48616
 44.24424   7.54757   7.48956
 44.34434   7.56208   7.49305
 44.44444   7.57643   7.49665
 44.54454   7.59062   7.50035
 44.64464   7.60464   7.50414
 44.74474   7.61850   7.50802
 44.84484   7.63218   7.51200
 44.94494   7.64568   7.51606
 45.04505   7.65899   7.52021
 45.14515   7.67212   7.52444
 45.24525   7.68504   7.52876
 45.34535   7.69777   7.53315
 45.44545   7.71029   7.53761
 45.54555   7.72261   7.54215
 45.64565   7.73471   7.54675
 45.74575   7.74659   7.55143
 45.84585   7.75825   7.55617
 45.94595   7.76969   7.56097
 46.04605   7.78090   7.56582
 46.14615   7.79187   7.57074
 46.24625   7.80262   7.57571
 46.34635   7.81312   7.58073
 46.44645   7.82339   7.58580
 46.54655   7.83341   7.59092
 46.64665   7.84319   7.59608
 46.74675   7.85271   7.60128
 46.84685   7.86199   7.60652
 46.94695   7.87102   7.61179
 47.04705   7.87979   7.61710
 47.14715   7.88830   7.62244
 47.24725   7.89656   7.62781
 47.34735   7.90456   7.63321
 47.44745   7.91230   7.63863
 47.54755   7.91978   7.64407
 47.64765   7.92699   7.64952
 47.74775   7.93394   7.65500
 47.84785   7.94063   7.66049
 47.94795   7.94705   7.66599
 48.04805   7.95321   7.67150
 48.14815   7.95911   7.67701
 48.24825   7.96473   7.68253
 48.34835   7.97010   7.68805
 48.44845   7.97520   7.69357
 48.54855   7.98003   7.69909
 48.64865   7.98460   7.70461
 48.74875   7.98891   7.71011
 48.84885   7.99295   7.71561
 48.94895   7.99674   7.72110
 49.04905   8.00026   7.72657
 49.14915   8.00352   7.73203
 49.24925   8.00653   7.73746
 49.34935   8.00927   7.74288
 49.44945   8.01176   7.74828
 49.54955   8.01400   7.75365
 49.64965   8.01598   7.75900
 49.74975   8.01772   7.76432
 49.84985   8.01920   7.76960
 49.94995   8.02044   7.77486
 50.05005   8.02143   7.78008
 50.15015   8.02218   7.78526
 50.25025   8.02269   7.79041
 50.35035   8.02296   7.79552
 50.45045   8.02300   7.80059
 50.55055   8.02280   7.80561
 50.65065   8.02237   7.81059
 50.75075   8.02171   7.81552
 50.85085   8.02083   7.82040
 50.95095   8.01973   7.82524
 51.05105   8.01841   7.83002
 51.15115   8.01687   7.83475
 51.25125   8.01511   7.83942
 51.35135   8.01315   7.84404
 51.45145   8.01098   7.84860
 51.55155   8.00861   7.85310
 51.65165   8.00603   7.85754
 51.75175   8.00326   7.86192
 51.85185   8.00030   7.86624
 51.95195   7.99714   7.87049
 52.05205   7.99380   7.87468
 52.15215   7.99027   7.87880
 52.25225   7.98657   7.88285
 52.35235   7.98269   7.88683
 52.45245   7.97863   7.89074
 52.55255   7.97441   7.89458
 52.65265   7.97002   7.89834
 52.75275   7.96547   7.90204
 52.85285   7.96076   7.90565
 52.95295   7.95590   7.90920
 53.05305   7.95089   7.91266
 53.15315   7.94573   7.91605
 53.25325   7.94043   7.91936
 53.35335   7.93499   7.92259
 53.45345   7.92942   7.92575
 53.55355   7.92372   7.92882
 53.65365   7.91789   7.93181
 53.75375   7.91193   7.93472
 53.85385   7.90586   7.93755
 53.95395   7.89968   7.94029
 54.05405   7.89338   7.94295
 54.15415   7.88698   7.94553
 54.25425   7.88047   7.94803
 54.35435   7.87386   7.95044
 54.45445   7.86716   7.95276
 54.55455   7.86037   7.95500
 54.65465   7.85349   7.95715
 54.75475   7.84652   7.95922
 54.85485   7.83948   7.96121
 54.95495   7.83236   7.96310
 55.05506   7.82518   7.96491
 55.15516   7.81792   7.96664
 55.25526   7.81060   7.96828
 55.35536   7.80322   7.96983
 55.45546   7.79578   7.97129
 55.55556   7.78829   7.97267
 55.65566   7.78076   7.97397
 55.75576   7.77317   7.97518
 55.85586   7.76555   7.97630
 55.95596   7.75789   7.97734
 56.05606   7.75020   7.97829
 56.15616   7.74248   7.97916
 56.25626   7.73473   7.97994
 56.35636   7.72696   7.98064
 56.45646   7.71917   7.98126
 56.55656   7.71136   7.98179
 56.65666   7.70354   7.98224
 56.75676   7.69572   7.98261
 56.85686   7.68789   7.98289
 56.95696   7.68006   7.98310
 57.05706   7.67223   7.98322
 57.15716   7.66440   7.98326
 57.25726   7.65659   7.98323
 57.35736   7.64878   7.98312
 57.45746   7.64100   7.98293
 57.55756   7.63323   7.98266
 57.65766   7.62548   7.98231
 57.75776   7.61776   7.98190
 57.85786   7.61006   7.98140
 57.95796   7.60240   7.98083
 58.05806   7.59477   7.98019
 58.15816   7.58718   7.97948
 58.25826   7.57962   7.97870
 58.35836   7.57211   7.97785
 58.45846   7.56465   7.97693
 58.55856   7.55723   7.97594
 58.65866   7.54986   7.97489
 58.75876   7.54255   7.97377
 58.85886   7.53529   7.97258
 58.95896   7.52810   7.97134
 59.05906   7.52096   7.97003
 59.15916   7.51389   7.96865
 59.25926   7.50688   7.96722
 59.35936   7.49994   7.96574
 59.45946   7.49308   7.96419
 59.55956   7.48628   7.96259
 59.65966   7.47957   7.96093
 59.75976   7.47293   7.95922
 59.85986   7.46636   7.95746
 59.95996   7.45989   7.95564
 60.06006   7.45349   7.95378
 60.16016   7.44718   7.95187
 60.26026   7.44096   7.94991
 60.36036   7.43482   7.94791
 60.46046   7.42878   7.94586
 60.56056   7.42283   7.94377
 60.66066   7.41698   7.94164
 60.76076   7.41122   7.93947
 60.86086   7.40556   7.93726
 60.96096   7.40000   7.93501
 61.06106   7.39454   7.93273
 61.16116   7.38918   7.93041
 61.26126   7.38393   7.92806
 61.36136   7.37877   7.92568
 61.46146   7.37373   7.92326
 61.56156   7.36879   7.92082
 61.66166   7.36396   7.91835
 61.76176   7.35924   7.91586
 61.86186   7.35463   7.91334
 61.96196   7.35014   7.91080
 62.06206   7.34575   7.90824
 62.16216   7.34148   7.90565
 62.26226   7.33732   7.90305
 62.36236   7.33327   7.90043
 62.46246   7.32934   7.89780
 62.56256   7.32553   7.89515
 62.66266   7.32183   7.89249
 62.76276   7.31825   7.88981
 62.86286   7.31479   7.88713
 62.96296   7.31144   7.88444
 63.06306   7.30822   7.88173
 63.16316   7.30511   7.87903
 63.26326   7.30212   7.87632
 63.36336   7.29924   7.87360
 63.46346   7.29649   7.87088
 63.56356   7.29386   7.86816
 63.66366   7.29134   7.86544
 63.76376   7.28895   7.86273
 63.86386   7.28667   7.86001
 63.96396   7.28451   7.85730
 64.06406   7.28248   7.85460
 64.16416   7.28056   7.85190
 64.26426   7.27875   7.84921
 64.36436   7.27707   7.84653
 64.46446   7.27550   7.84386
 64.56456   7.27406   7.84120
 64.66466   7.27272   7.83855
 64.76476   7.27151   7.83592
 64.86486   7.27041   7.83330
 64.96496   7.26942   7.83070
 65.06507   7.26855   7.82811
 65.16517   7.26779   7.82555
 65.26527   7.26715   7.82300
 65.36537   7.26662   7.82047
 65.46547   7.26620   7.81796
 65.56557   7.26589   7.81547
 65.66567   7.26569   7.81301
 65.76577   7.26560   7.81057
 65.86587   7.26562   7.80816
 65.96597   7.26574   7.80577
 66.06607   7.26597   7.80340
 66.16617   7.26631   7.80107
 66.26627   7.26675   7.79876
 66.36637   7.26729   7.79648
 66.46647   7.26793   7.79423
 66.56657   7.26867   7.79201
 66.66667   7.26951   7.78983
 66.76677   7.27045   7.78767
 66.86687   7.27149   7.78555
 66.96697   7.27262   7.78346
 67.06707   7.27384   7.78140
 67.16717   7.27516   7.77938
 67.26727   7.27656   7.77739
 67.36737   7.27806   7.77544
 67.46747   7.27964   7.77353
 67.56757   7.28131   7.77165
 67.66767   7.28306   7.76981
 67.76777   7.28490   7.76800
 67.86787   7.28682   7.76624
 67.96797   7.28882   7.76451
 68.06807   7.29089   7.76282
 68.16817   7.29305   7.76117
 68.26827   7.29528   7.75956
 68.36837   7.29758   7.75799
 68.46847   7.29995   7.75647
 68.56857   7.30239   7.75498
 68.66867   7.30490   7.75353
 68.76877   7.30748   7.75212
 68.86887   7.31012   7.75076
 68.96897   7.31282   7.74943
 69.06907   7.31559   7.74815
 69.16917   7.31841   7.74691
 69.26927   7.32129   7.74571
 69.36937   7.32422   7.74456
 69.46947   7.32721   7.74344
 69.56957   7.33025   7.74237
 69.66967   7.33334   7.74134
 69.76977   7.33648   7.74036
 69.86987   7.33967   7.73941
 69.96997   7.34289   7.73851
 70.07007   7.34616   7.73765
 70.17017   7.34947   7.73683
 70.27027   7.35282   7.73606
 70.37037   7.35621   7.73532
 70.47047   7.35963   7.73463
 70.57057   7.36308   7.73398
 70.67067   7.36657   7.73338
 70.77077   7.37008   7.73281
 70.87087   7.37362   7.73229
 70.97097   7.37718   7.73181
 71.07107   7.38077   7.73137
 71.17117   7.38438   7.73097
 71.27127   7.38801   7.73061
 71.37137   7.39166   7.73029
 71.47147   7.39532   7.73001
 71.57157   7.39900   7.72977
 71.67167   7.40269   7.72957
 71.77177   7.40639   7.72941
 71.87187   7.41010   7.72929
 71.97197   7.41381   7.72921
 72.07207   7.41753   7.72916
 72.17217   7.42125   7.72916
 72.27227   7.42498   7.72919
 72.37237   7.42870   7.72926
 72.47247   7.43243   7.72936
 72.57257   7.43614   7.72951
 72.67267   7.43986   7.72968
 72.77277   7.44357   7.72990
 72.87287   7.44726   7.73014
 72.97297   7.45095   7.73043
 73.07307   7.45463   7.73074
 73.17317   7.45829   7.73109
 73.27327   7.46194   7.73148
 73.37337   7.46557   7.73189
 73.47347   7.46918   7.73234
 73.57357   7.47277   7.73282
 73.67367   7.47634   7.73333
 73.77377   7.47989   7.73387
 73.87387   7.48342   7.73444
 73.97397   7.48692   7.73504
 74.07407   7.49039   7.73567
 74.17417   7.49383   7.73633
 74.27427   7.49725   7.73701
 74.37437   7.50063   7.73772
 74.47447   7.50398   7.73846
 74.57457   7.50730   7.73923
 74.67467   7.51059   7.74002
 74.77477   7.51384   7.74083
 74.87487   7.51705   7.74167
 74.97497   7.52022   7.74253
 75.07508   7.52336   7.74342
 75.17518   7.52645   7.74432
 75.27528   7.52950   7.74525
 75.37538   7.53251   7.74620
 75.47548   7.53548   7.74717
 75.57558   7.53840   7.74816
 75.67568   7.54128   7.74917
 75.77578   7.54411   7.75020
 75.87588   7.54690   7.75125
 75.97598   7.54963   7.75231
 76.07608   7.55232   7.75339
 76.17618   7.55496   7.75448
 76.27628   7.55755   7.75559
 76.37638   7.56009   7.75672
 76.47648   7.56258   7.75786
 76.57658   7.56501   7.75901
 76.67668   7.56739   7.76017
 76.77678   7.56972   7.76135
 76.87688   7.57200   7.76254
 76.97698   7.57422   7.76374
 77.07708   7.57638   7.76495
 77.17718   7.57849   7.76617
 77.27728   7.58054   7.76740
 77.37738   7.58254   7.76863
 77.47748   7.58448   7.76988
 77.57758   7.58637   7.77113
 77.67768   7.58819   7.77238
 77.77778   7.58996   7.77365
 77.87788   7.59167   7.77491
 77.97798   7.59333   7.77619
 78.07808   7.59492   7.77746
 78.17818   7.59646   7.77874
 78.27828   7.59794   7.78003
 78.37838   7.59935   7.78131
 78.47848   7.60072   7.78260
 78.57858   7.60202   7.78388
 78.67868   7.60326   7.78517
 78.77878   7.60444   7.78646
 78.87888   7.60557   7.78775
 78.97898   7.60664   7.78903
 79.07908   7.60764   7.79031
 79.17918   7.60859   7.79159
 79.27928   7.60949   7.79287
 79.37938   7.61032   7.79415
 79.47948   7.61109   7.79542
 79.57958   7.61181   7.79668
 79.67968   7.61247   7.79794
 79.77978   7.61307   7.79920
 79.87988   7.61362   7.80045
 79.97998   7.61411   7.80169
 80.08008   7.61454   7.80292
 80.18018   7.61492   7.80415
 80.28028   7.61524   7.80537
 80.38038   7.61550   7.80658
 80.48048   7.61571   7.80778
 80.58058   7.61587   7.80897
 80.68068   7.61597   7.81016
 80.78078   7.61602   7.81133
 80.88088   7.61602   7.81249
 80.98098   7.61596   7.81364
 81.08108   7.61585   7.81478
 81.18118   7.61569   7.81590
 81.28128   7.61548   7.81702
 81.38138   7.61522   7.81812
 81.48148   7.61492   7.81921
 81.58158   7.61456   7.82028
 81.68168   7.61415   7.82134
 81.78178   7.61370   7.82239
 81.88188   7.61320   7.82342
 81.98198   7.61265   7.82444
 82.08208   7.61206   7.82544
 82.18218   7.61142   7.82643
 82.28228   7.61074   7.82740
 82.38238   7.61001   7.82835
 82.48248   7.60925   7.82929
 82.58258   7.60844   7.83021
 82.68268   7.60759   7.83112
 82.78278   7.60670   7.83201
 82.88288   7.60577   7.83288
 82.98298   7.60480   7.83373
 83.08308   7.60380   7.83457
 83.18318   7.60276   7.83538
 83.28328   7.60168   7.83618
 83.38338   7.60056   7.83697
 83.48348   7.59942   7.83773
 83.58358   7.59823   7.83847
 83.68368   7.59702   7.83920
 83.78378   7.59577   7.83990
 83.88388   7.59450   7.84059
 83.98398   7.59319   7.84126
 84.08408   7.59186   7.84190
 84.18418   7.59049   7.84253
 84.28428   7.58910   7.84314
 84.38438   7.58768   7.84373
 84.48448   7.58624   7.84430
 84.58458   7.58477   7.84485
 84.68468   7.58328   7.84538
 84.78478   7.58177   7.84589
 84.88488   7.58023   7.84638
 84.98498   7.57867   7.84685
 85.08509   7.57709   7.84730
 85.18519   7.57550   7.84773
 85.28529   7.57388   7.84813
 85.38539   7.57225   7.84852
 85.48549   7.57060   7.84889
 85.58559   7.56894   7.84924
 85.68569   7.56726   7.84957
 85.78579   7.56557   7.84988
 85.88589   7.56386   7.85017
 85.98599   7.56214   7.85044
 86.08609   7.56041   7.85069
 86.18619   7.55867   7.85092
 86.28629   7.55693   7.85113
 86.38639   7.55517   7.85132
 86.48649   7.55341   7.85149
 86.58659   7.55163   7.85164
 86.68669   7.54986   7.85177
 86.78679   7.54808   7.85189
 86.88689   7.54629   7.85198
 86.98699   7.54450   7.85205
 87.08709   7.54271   7.85211
 87.18719   7.54092   7.85215
 87.28729   7.53912   7.85217
 87.38739   7.53733   7.85217
 87.48749   7.53554   7.85215
 87.58759   7.53374   7.85212
 87.68769   7.53196   7.85207
 87.78779   7.53017   7.85200
 87.88789   7.52839   7.85191
 87.98799   7.52661   7.85181
 88.08809   7.52484   7.85169
 88.18819   7.52307   7.85155
 88.28829   7.52131   7.85139
 88.38839   7.51956   7.85122
 88.48849   7.51782   7.85104
 88.58859   7.51609   7.85083
 88.68869   7.51436   7.85062
 88.78879   7.51265   7.85038
 88.88889   7.51095   7.85013
 88.98899   7.50926   7.84987
 89.08909   7.50758   7.84959
 89.18919   7.50591   7.84930
 89.28929   7.50426   7.84900
 89.38939   7.50263   7.84868
 89.48949   7.50100   7.84835
 89.58959   7.49940   7.84800
 89.68969   7.49780   7.84764
 89.78979   7.49623   7.84727
 89.88989   7.49467   7.84689
 89.98999   7.49313   7.84649
 90.09009   7.49161   7.84608
 90.19019   7.49011   7.84566
 90.29029   7.48863   7.84523
 90.39039   7.48716   7.84479
 90.49049   7.48572   7.84434
 90.59059   7.48429   7.84388
 90.69069   7.48289   7.84341
 90.79079   7.48151   7.84293
 90.89089   7.48015   7.84244
 90.99099   7.47882   7.84194
 91.09109   7.47750   7.84143
 91.19119   7.47621   7.84092
 91.29129   7.47494   7.84039
 91.39139   7.47370   7.83986
 91.49149   7.47248   7.83932
 91.59159   7.47128   7.83877
 91.69169   7.47011   7.83822
 91.79179   7.46896   7.83766
 91.89189   7.46784   7.83710
 91.99199   7.46675   7.83653
 92.09209   7.46568   7.83595
 92.19219   7.46463   7.83537
 92.29229   7.46362   7.83478
 92.39239   7.46262   7.83419
 92.49249   7.46166   7.83359
 92.59259   7.46072   7.83300
 92.69269   7.45981   7.83239
 92.79279   7.45893   7.83179
 92.89289   7.45807   7.83118
 92.99299   7.45724   7.83057
 93.09309   7.45644   7.82995
 93.19319   7.45566   7.82934
 93.29329   7.45491   7.82872
 93.39339   7.45420   7.82810
 93.49349   7.45350   7.82748
 93.59359   7.45284   7.82686
 93.69369   7.45220   7.82624
 93.79379   7.45159   7.82561
 93.89389   7.45101   7.82499
 93.99399   7.45046   7.82437
 94.09409   7.44994   7.82375
 94.19419   7.44944   7.82313
 94.29429   7.44897   7.82251
 94.39439   7.44853   7.82189
 94.49449   7.44811   7.82128
 94.59459   7.44773   7.82066
 94.69469   7.44737   7.82005
 94.79479   7.44704   7.81944
 94.89489   7.44673   7.81884
 94.99499   7.44645   7.81823
 95.09510   7.44620   7.81763
 95.19520   7.44598   7.81704
 95.29530   7.44578   7.81644
 95.39540   7.44561   7.81585
 95.49550   7.44547   7.81527
 95.59560   7.44535   7.81469
 95.69570   7.44526   7.81411
 95.79580   7.44519   7.81354
 95.89590   7.44515   7.81297
 95.99600   7.44514   7.81241
 96.09610   7.44515   7.81186
 96.19620   7.44518   7.81131
 96.29630   7.44524   7.81076
 96.39640   7.44532   7.81023
 96.49650   7.44543   7.80970
 96.59660   7.44556   7.80917
 96.69670   7.44572   7.80865
 96.79680   7.44589   7.80814
 96.89690   7.44609   7.80763
 96.99700   7.44632   7.80714
 97.09710   7.44656   7.80665
 97.19720   7.44683   7.80616
 97.29730   7.44712   7.80569
 97.39740   7.44743   7.80522
 97.49750   7.44776   7.80476
 97.59760   7.44811   7.80431
 97.69770   7.44849   7.80386
 97.79780   7.44888   7.80343
 97.89790   7.44929   7.80300
 97.99800   7.44972   7.80258
 98.09810   7.45017   7.80217
 98.19820   7.45064   7.80177
 98.29830   7.45112   7.80138
 98.39840   7.45162   7.80099
 98.49850   7.45214   7.80062
 98.59860   7.45268   7.80025
 98.69870   7.45323   7.79990
 98.79880   7.45380   7.79955
 98.89890   7.45439   7.79921
 98.99900   7.45499   7.79888
 99.09910   7.45560   7.79856
 99.19920   7.45623   7.79825
 99.29930   7.45687   7.79795
 99.39940   7.45753   7.79766
 99.49950   7.45820   7.79738
 99.59960   7.45888   7.79711
 99.69970   7.45958   7.79684
 99.79980   7.46028   7.79659
 99.89990   7.46100   7.79635
100.00000   7.46173   7.79611
