#	X	Y	Z
  0.00000   8.36000  18.74681
  0.10010   7.85640  18.52822
  0.20020   7.37602  18.29192
  0.30030   6.91841  18.03771
  0.40040   6.48323  17.76546
  0.50050   6.07022  17.47518
  0.60060   5.67919  17.16701
  0.70070   5.30997  16.84128
  0.80080   4.96237  16.49848
  0.90090   4.63617  16.13935
  1.00100   4.33111  15.76484
  1.10110   4.04682  15.37617
  1.20120   3.78288  14.97481
  1.30130   3.53875  14.56247
  1.40140   3.31380  14.14110
  1.50150   3.10730  13.71284
  1.60160   2.91844  13.28000
  1.70170   2.74635  12.84499
  1.80180   2.59008  12.41026
  1.90190   2.44868  11.97824
  2.00200   2.32116  11.55128
  2.10210   2.20653  11.13159
  2.20220   2.10384  10.72117
  2.30230   2.01214  10.32179
  2.40240   1.93055   9.93497
  2.50250   1.85823   9.56194
  2.60260   1.79438   9.20365
  2.70270   1.73829   8.86079
  2.80280   1.68927   8.53379
  2.90290   1.64673   8.22285
  3.00300   1.61011   7.92797
  3.10310   1.57891   7.64898
  3.20320   1.55269   7.38557
  3.30330   1.53105   7.13732
  3.40340   1.51364   6.90371
  3.50350   1.50014   6.68417
  3.60360   1.49028   6.47808
  3.70370   1.48381   6.28479
  3.80380   1.48052   6.10364
  3.90390   1.48023   5.93399
  4.00400   1.48276   5.77519
  4.10410   1.48798   5.62659
  4.20420   1.49576   5.48761
  4.30430   1.50600   5.35764
  4.40440   1.51862   5.23614
  4.50450   1.53353   5.12258
  4.60460   1.55067   5.01646
  4.70470   1.56999   4.91731
  4.80480   1.59145   4.82469
  4.90490   1.61502   4.73819
  5.00501   1.64066   4.65742
  5.10511   1.66838   4.58204
  5.20521   1.69814   4.51169
  5.30531   1.72996   4.44608
  5.40541   1.76382   4.38492
  5.50551   1.79975   4.32793
  5.60561   1.83775   4.27486
  5.70571   1.87783   4.22549
  5.80581   1.92001   4.17959
  5.90591   1.96433   4.13697
  6.00601   2.01079   4.09744
  6.10611   2.05944   4.06083
  6.20621   2.11031   4.02697
  6.30631   2.16343   3.99572
  6.40641   2.21883   3.96694
  6.50651   2.27656   3.94050
  6.60661   2.33665   3.91627
  6.70671   2.39915   3.89415
  6.80681   2.46410   3.87402
  6.90691   2.53154   3.85580
  7.00701   2.60151   3.83939
  7.10711   2.67406   3.82470
  7.20721   2.74924   3.81165
  7.30731   2.82709   3.80017
  7.40741   2.90764   3.79020
  7.50751   2.99096   3.78165
  7.60761   3.07706   3.77448
  7.70771   3.16600   3.76862
  7.80781   3.25781   3.76401
  7.90791   3.35253   3.76062
  8.00801   3.45018   3.75838
  8.10811   3.55080   3.75726
  8.20821   3.65442   3.75722
  8.30831   3.76104   3.75820
  8.40841   3.87070   3.76018
  8.50851   3.98339   3.76311
  8.60861   4.09914   3.76697
  8.70871   4.21792   3.77172
  8.80881   4.33975   3.77733
  8.90891   4.46461   3.78377
  9.00901   4.59246   3.79101
  9.10911   4.72330   3.79904
  9.20921   4.85707   3.80782
  9.30931   4.99373   3.81732
  9.40941   5.13323   3.82754
  9.50951   5.27551   3.83844
  9.60961   5.42049   3.85001
  9.70971   5.56808   3.86222
  9.80981   5.71820   3.87506
  9.90991   5.87074   3.88851
 10.01001   6.02559   3.90255
 10.11011   6.18262   3.91717
 10.21021   6.34171   3.93235
 10.31031   6.50271   3.94807
 10.41041   6.66546   3.96432
 10.51051   6.82981   3.98109
 10.61061   6.99559   3.99837
 10.71071   7.16262   4.01613
 10.81081   7.33071   4.03437
 10.91091   7.49968   4.05308
 11.01101   7.66933   4.07224
 11.11111   7.83945   4.09185
 11.21121   8.00983   4.11189
 11.31131   8.18027   4.13234
 11.41141   8.35056   4.15321
 11.51151   8.52047   4.17448
 11.61161   8.68980   4.19615
 11.71171   8.85833   4.21819
 11.81181   9.02585   4.24061
 11.91191   9.19214   4.26340
 12.01201   9.35701   4.28654
 12.11211   9.52025   4.31003
 12.21221   9.68166   4.33386
 12.31231   9.84106   4.35802
 12.41241   9.99826   4.38251
 12.51251  10.15309   4.40731
 12.61261  10.30538   4.43243
 12.71271  10.45498   4.45784
 12.81281  10.60173   4.48356
 12.91291  10.74550   4.50956
 13.01301  10.88617   4.53585
 13.11311  11.02362   4.56241
 13.21321  11.15774   4.58924
 13.31331  11.28844   4.61634
 13.41341  11.41563   4.64369
 13.51351  11.53924   4.67130
 13.61361  11.65922   4.69915
 13.71371  11.77550   4.72724
 13.81381  11.88805   4.75557
 13.91391  11.99684   4.78413
 14.01401  12.10184   4.81291
 14.11411  12.20304   4.84191
 14.21421  12.30044   4.87112
 14.31431  12.39405   4.90054
 14.41441  12.48387   4.93016
 14.51451  12.56992   4.95998
 14.61461  12.65224   4.98999
 14.71471  12.73085   5.02019
 14.81481  12.80580   5.05057
 14.91491  12.87712   5.08113
 15.01502  12.94487   5.11186
 15.11512  13.00910   5.14277
 15.21522  13.06986   5.17383
 15.31532  13.12722   5.20506
 15.41542  13.18125   5.23643
 15.51552  13.23199   5.26796
 15.61562  13.27953   5.29963
 15.71572  13.32394   5.33145
 15.81582  13.36528   5.36339
 15.91592  13.40363   5.39547
 16.01602  13.43905   5.42768
 16.11612  13.47163   5.46001
 16.21622  13.50144   5.49245
 16.31632  13.52854   5.52501
 16.41642  13.55302   5.55768
 16.51652  13.57495   5.59045
 16.61662  13.59440   5.62332
 16.71672  13.61143   5.65629
 16.81682  13.62613   5.68934
 16.91692  13.63855   5.72248
 17.01702  13.64877   5.75571
 17.11712  13.65686   5.78901
 17.21722  13.66288   5.82238
 17.31732  13.66689   5.85582
 17.41742  13.66896   5.88932
 17.51752  13.66915   5.92288
 17.61762  13.66752   5.95649
 17.71772  13.66413   5.99015
 17.81782  13.65902   6.02386
 17.91792  13.65227   6.05760
 18.01802  13.64392   6.09138
 18.11812  13.63402   6.12519
 18.21822  13.62262   6.15903
 18.31832  13.60977   6.19288
 18.41842  13.59553   6.22676
 18.51852  13.57993   6.26064
 18.61862  13.56301   6.29452
 18.71872  13.54483   6.32841
 18.81882  13.52542   6.36229
 18.91892  13.50482   6.39617
 19.01902  13.48307   6.43003
 19.11912  13.46021   6.46387
 19.21922  13.43627   6.49768
 19.31932  13.41129   6.53147
 19.41942  13.38530   6.56522
 19.51952  13.35833   6.59893
 19.61962  13.33042   6.63259
 19.71972  13.30159   6.66620
 19.81982  13.27187   6.69976
 19.91992  13.24129   6.73326
 20.02002  13.20987   6.76668
 20.12012  13.17765   6.80004
 20.22022  13.14464   6.83332
 20.32032  13.11088   6.86651
 20.42042  13.07638   6.89962
 20.52052  13.04116   6.93263
 20.62062  13.00525   6.96554
 20.72072  12.96867   6.99834
 20.82082  12.93144   7.03104
 20.92092  12.89358   7.06361
 21.02102  12.85510   7.09606
 21.12112  12.81603   7.12839
 21.22122  12.77638   7.16058
 21.32132  12.73617   7.19262
 21.42142  12.69541   7.22452
 21.52152  12.65413   7.25627
 21.62162  12.61233   7.28786
 21.72172  12.57003   7.31929
 21.82182  12.52725   7.35054
 21.92192  12.48400   7.38162
 22.02202  12.44029   7.41252
 22.12212  12.39614   7.44323
 22.22222  12.35156   7.47374
 22.32232  12.30656   7.50406
 22.42242  12.26116   7.53416
 22.52252  12.21537   7.56406
 22.62262  12.16919   7.59373
 22.72272  12.12264   7.62318
 22.82282  12.07574   7.65240
 22.92292  12.02849   7.68138
 23.02302  11.98090   7.71012
 23.12312  11.93298   7.73860
 23.22322  11.88475   7.76683
 23.32332  11.83622   7.79480
 23.42342  11.78738   7.82250
 23.52352  11.73827   7.84993
 23.62362  11.68887   7.87708
 23.72372  11.63921   7.90394
 23.82382  11.58930   7.93050
 23.92392  11.53913   7.95677
 24.02402  11.48873   7.98273
 24.12412  11.43810   8.00838
 24.22422  11.38725   8.03372
 24.32432  11.33619   8.05873
 24.42442  11.28493   8.08341
 24.52452  11.23348   8.10776
 24.62462  11.18184   8.13176
 24.72472  11.13003   8.15542
 24.82482  11.07806   8.17873
 24.92492  11.02592   8.20168
 25.02503  10.97364   8.22427
 25.12513  10.92122   8.24648
 25.22523  10.86867   8.26832
 25.32533  10.81599   8.28978
 25.42543  10.76321   8.31085
 25.52553  10.71032   8.33154
 25.62563  10.65733   8.35182
 25.72573  10.60426   8.37170
 25.82583  10.55111   8.39118
 25.92593  10.49789   8.41025
 26.02603  10.44461   8.42889
 26.12613  10.39128   8.44712
 26.22623  10.33791   8.46492
 26.32633  10.28451   8.48228
 26.42643  10.23108   8.49921
 26.52653  10.17764   8.51570
 26.62663  10.12419   8.53175
 26.72673  10.07074   8.54735
 26.82683  10.01730   8.56249
 26.92693   9.96389   8.57718
 27.02703   9.91051   8.59141
 27.12713   9.85716   8.60517
 27.22723   9.80387   8.61847
 27.32733   9.75063   8.63129
 27.42743   9.69747   8.64364
 27.52753   9.64438   8.65552
 27.62763   9.59137   8.66691
 27.72773   9.53847   8.67782
 27.82783   9.48567   8.68825
 27.92793   9.43298   8.69818
 28.02803   9.38042   8.70763
 28.12813   9.32799   8.71659
 28.22823   9.27571   8.72505
 28.32833   9.22359   8.73302
 28.42843   9.17162   8.74050
 28.52853   9.11984   8.74747
 28.62863   9.06823   8.75395
 28.72873   9.01682   8.75993
 28.82883   8.96561   8.76541
 28.92893   8.91462   8.77039
 29.02903   8.86384   8.77487
 29.12913   8.81331   8.77884
 29.22923   8.76301   8.78232
 29.32933   8.71297   8.78531
 29.42943   8.66319   8.78779
 29.52953   8.61368   8.78978
 29.62963   8.56445   8.79127
 29.72973   8.51552   8.79226
 29.82983   8.46689   8.79277
 29.92993   8.41857   8.79279
 30.03003   8.37057   8.79231
 30.13013   8.32291   8.79136
 30.23023   8.27559   8.78992
 30.33033   8.22861   8.78800
 30.43043   8.18200   8.78561
 30.53053   8.13576   8.78275
 30.63063   8.08989   8.77941
 30.73073   8.04442   8.77562
 30.83083   7.99934   8.77136
 30.93093   7.95467   8.76665
 31.03103   7.91042   8.76149
 31.13113   7.86660   8.75588
 31.23123   7.82320   8.74984
 31.33133   7.78026   8.74336
 31.43143   7.73776   8.73646
 31.53153   7.69573   8.72913
 31.63163   7.65416   8.72139
 31.73173   7.61307   8.71324
 31.83183   7.57247   8.70468
 31.93193   7.53237   8.69574
 32.03203   7.49276   8.68640
 32.13213   7.45367   8.67669
 32.23223   7.41509   8.66660
 32.33233   7.37704   8.65615
 32.43243   7.33953   8.64535
 32.53253   7.30255   8.63420
 32.63263   7.26612   8.62271
 32.73273   7.23025   8.61089
 32.83283   7.19493   8.59874
 32.93293   7.16018   8.58629
 33.03303   7.12601   8.57354
 33.13313   7.09242   8.56049
 33.23323   7.05941   8.54715
 33.33333   7.02699   8.53355
 33.43343   6.99517   8.51968
 33.53353   6.96396   8.50556
 33.63363   6.93335   8.49119
 33.73373   6.90335   8.47659
 33.83383   6.87397   8.46176
 33.93393   6.84521   8.44673
 34.03403   6.81708   8.43149
 34.13413   6.78958   8.41605
 34.23423   6.76271   8.40044
 34.33433   6.73648   8.38466
 34.43443   6.71089   8.36871
 34.53453   6.68594   8.35262
 34.63463   6.66164   8.33639
 34.73473   6.63799   8.32003
 34.83483   6.61500   8.30355
 34.93493   6.59265   8.28697
 35.03504   6.57097   8.27029
 35.13514   6.54994   8.25352
 35.23524   6.52957   8.23668
 35.33534   6.50987   8.21978
 35.43544   6.49082   8.20282
 35.53554   6.47244   8.18582
 35.63564   6.45473   8.16879
 35.73574   6.43767   8.15173
 35.83584   6.42129   8.13466
 35.93594   6.40557   8.11759
 36.03604   6.39051   8.10052
 36.13614   6.37612   8.08347
 36.23624   6.36239   8.06645
 36.33634   6.34933   8.04946
 36.43644   6.33693   8.03252
 36.53654   6.32518   8.01564
 36.63664   6.31410   7.99882
 36.73674   6.30368   7.98207
 36.83684   6.29391   7.96540
 36.93694   6.28480   7.94882
 37.03704   6.27634   7.93234
 37.13714   6.26853   7.91597
 37.23724   6.26136   7.89971
 37.33734   6.25484   7.88357
 37.43744   6.24896   7.86756
 37.53754   6.24372   7.85169
 37.63764   6.23911   7.83597
 37.73774   6.23514   7.82039
 37.83784   6.23179   7.80498
 37.93794   6.22906   7.78973
 38.03804   6.22696   7.77465
 38.13814   6.22546   7.75974
 38.23824   6.22458   7.74502
 38.33834   6.22431   7.73049
 38.43844   6.22463   7.71616
 38.53854   6.22556   7.70202
 38.63864   6.22707   7.68809
 38.73874   6.22917   7.67437
 38.83884   6.23185   7.66086
 38.93894   6.23510   7.64757
 39.03904   6.23892   7.63450
 39.13914   6.24331   7.62166
 39.23924   6.24825   7.60905
 39.33934   6.25374   7.59668
 39.43944   6.25978   7.58454
 39.53954   6.26635   7.57265
 39.63964   6.27345   7.56100
 39.73974   6.28107   7.54959
 39.83984   6.28921   7.53844
 39.93994   6.29786   7.52753
 40.04004   6.30702   7.51689
 40.14014   6.31666   7.50649
 40.24024   6.32679   7.49636
 40.34034   6.33740   7.48648
 40.44044   6.34848   7.47687
 40.54054   6.36002   7.46751
 40.64064   6.37202   7.45843
 40.74074   6.38446   7.44960
 40.84084   6.39733   7.44104
 40.94094   6.41063   7.43275
 41.04104   6.42436   7.42472
 41.14114   6.43849   7.41696
 41.24124   6.45302   7.40947
 41.34134   6.46795   7.40225
 41.44144   6.48325   7.39529
 41.54154   6.49893   7.38860
 41.64164   6.51497   7.38217
 41.74174   6.53136   7.37601
 41.84184   6.54810   7.37012
 41.94194   6.56516   7.36449
 42.04204   6.58256   7.35912
 42.14214   6.60026   7.35402
 42.24224   6.61826   7.34918
 42.34234   6.63656   7.34460
 42.44244   6.65514   7.34027
 42.54254   6.67398   7.33621
 42.64264   6.69309   7.33240
 42.74274   6.71244   7.32885
 42.84284   6.73203   7.32555
 42.94294   6.75185   7.32250
 43.04304   6.77189   7.31970
 43.14314   6.79213   7.31714
 43.24324   6.81256   7.31484
 43.34334   6.83317   7.31277
 43.44344   6.85396   7.31095
 43.54354   6.87490   7.30936
 43.64364   6.89599   7.30801
 43.74374   6.91722   7.30690
 43.84384   6.93857   7.30601
 43.94394   6.96004   7.30536
 44.04404   6.98161   7.30493
 44.14414   7.00327   7.30472
 44.24424   7.02501   7.30474
 44.34434   7.04681   7.30498
 44.44444   7.06868   7.30543
 44.54454   7.09059   7.30609
 44.64464   7.11253   7.30696
 44.74474   7.13449   7.30804
 44.84484   7.15647   7.30932
 44.94494   7.17845   7.31081
 45.04505   7.20041   7.31249
 45.14515   7.22235   7.31436
 45.24525   7.24426   7.31643
 45.34535   7.26613   7.31869
 45.44545   7.28794   7.32113
 45.54555   7.30968   7.32375
 45.64565   7.33135   7.32655
 45.74575   7.35293   7.32953
 45.84585   7.37442   7.33268
 45.94595   7.39579   7.33600
 46.04605   7.41705   7.33948
 46.14615   7.43818   7.34313
 46.24625   7.45918   7.34693
 46.34635   7.48002   7.35090
 46.44645   7.50071   7.35501
 46.54655   7.52124   7.35927
 46.64665   7.54159   7.36368
 46.74675   7.56175   7.36823
 46.84685   7.58172   7.37292
 46.94695   7.60149   7.37774
 47.04705   7.62105   7.38269
 47.14715   7.64039   7.38778
 47.24725   7.65950   7.39299
 47.34735   7.67838   7.39832
 47.44745   7.69702   7.40376
 47.54755   7.71541   7.40932
 47.64765   7.73354   7.41500
 47.74775   7.75141   7.42078
 47.84785   7.76900   7.42666
 47.94795   7.78632   7.43265
 48.04805   7.80336   7.43873
 48.14815   7.82010   7.44490
 48.24825   7.83656   7.45117
 48.34835   7.85270   7.45752
 48.44845   7.86855   7.46396
 48.54855   7.88408   7.47047
 48.64865   7.89929   7.47706
 48.74875   7.91419   7.48373
 48.84885   7.92876   7.49046
 48.94895   7.94299   7.49727
 49.04905   7.95690   7.50413
 49.14915   7.97046   7.51105
 49.24925   7.98369   7.51803
 49.34935   7.99657   7.52507
 49.44945   8.00910   7.53215
 49.54955   8.02129   7.53928
 49.64965   8.03312   7.54645
 49.74975   8.04459   7.55366
 49.84985   8.05571   7.56091
 49.94995   8.06647   7.56819
 50.05005   8.07687   7.57550
 50.15015   8.08691   7.58284
 50.25025   8.09658   7.59021
 50.35035   8.10589   7.59759
 50.45045   8.11483   7.60499
 50.55055   8.12341   7.61240
 50.65065   8.13162   7.61983
 50.75075   8.13947   7.62726
 50.85085   8.14695   7.63470
 50.95095   8.15407   7.64214
 51.05105   8.16082   7.64958
 51.15115   8.16720   7.65701
 51.25125   8.17323   7.66444
 51.35135   8.17889   7.67186
 51.45145   8.18419   7.67927
 51.55155   8.18912   7.68666
 51.65165   8.19370   7.69403
 51.75175   8.19793   7.70138
 51.85185   8.20180   7.70871
 51.95195   8.20531   7.71601
 52.05205   8.20848   7.72328
 52.15215   8.21130   7.73052
 52.25225   8.21377   7.73772
 52.35235   8.21590   7.74489
 52.45245   8.21769   7.75201
 52.55255   8.21914   7.75910
 52.65265   8.22026   7.76614
 52.75275   8.22105   7.77313
 52.85285   8.22151   7.78007
 52.95295   8.22165   7.78696
 53.05305   8.22147   7.79379
 53.15315   8.22097   7.80057
 53.25325   8.22016   7.80729
 53.35335   8.21904   7.81394
 53.45345   8.21761   7.82054
 53.55355   8.21588   7.82706
 53.65365   8.21386   7.83352
 53.75375   8.21155   7.83991
 53.85385   8.20894   7.84622
 53.95395   8.20605   7.85247
 54.05405   8.20289   7.85863
 54.15415   8.19945   7.86472
 54.25425   8.19574   7.87073
 54.35435   8.19176   7.87665
 54.45445   8.18753   7.88249
 54.55455   8.18304   7.88825
 54.65465   8.17830   7.89392
 54.75475   8.17331   7.89950
 54.85485   8.16808   7.90499
 54.95495   8.16262   7.91038
 55.05506   8.15692   7.91569
 55.15516   8.15101   7.92090
 55.25526   8.14487   7.92601
 55.35536   8.13851   7.93102
 55.45546   8.13195   7.93594
 55.55556   8.12518   7.94075
 55.65566   8.11821   7.94547
 55.75576   8.11105   7.95008
 55.85586   8.10370   7.95458
 55.95596   8.09617   7.95898
 56.05606   8.08846   7.96328
 56.15616   8.08057   7.96747
 56.25626   8.07252   7.97155
 56.35636   8.06431   7.97552
 56.45646   8.05594   7.97938
 56.55656   8.04742   7.98313
 56.65666   8.03875   7.98677
 56.75676   8.02994   7.99029
 56.85686   8.02100   7.99371
 56.95696   8.01193   7.99701
 57.05706   8.00273   8.00020
 57.15716   7.99342   8.00327
 57.25726   7.98399   8.00623
 57.35736   7.97445   8.00908
 57.45746   7.96481   8.01180
 57.55756   7.95507   8.01442
 57.65766   7.94524   8.01691
 57.75776   7.93532   8.01930
 57.85786   7.92532   8.02156
 57.95796   7.91524   8.02371
 58.05806   7.90509   8.02574
 58.15816   7.89488   8.02766
 58.25826   7.88460   8.02946
 58.35836   7.87426   8.03115
 58.45846   7.86388   8.03272
 58.55856   7.85344   8.03417
 58.65866   7.84297   8.03551
 58.75876   7.83246   8.03674
 58.85886   7.82191   8.03785
 58.95896   7.81134   8.03884
 59.05906   7.80075   8.03973
 59.15916   7.79014   8.04050
 59.25926   7.77952   8.04116
 59.35936   7.76888   8.04170
 59.45946   7.75825   8.04214
 59.55956   7.74761   8.04246
 59.65966   7.73698   8.04268
 59.75976   7.72636   8.04279
 59.85986   7.71576   8.04279
 59.95996   7.70517   8.04268
 60.06006   7.69461   8.04247
 60.16016   7.68407   8.04215
 60.26026   7.67357   8.04173
 60.36036   7.66310   8.04120
 60.46046   7.65267   8.04058
 60.56056   7.64228   8.03985
 60.66066   7.63194   8.03903
 60.76076   7.62165   8.03810
 60.86086   7.61142   8.03708
 60.96096   7.60124   8.03597
 61.06106   7.59113   8.03476
 61.16116   7.58109   8.03345
 61.26126   7.57111   8.03206
 61.36136   7.56121   8.03058
 61.46146   7.55139   8.02901
 61.56156   7.54164   8.02735
 61.66166   7.53198   8.02560
 61.76176   7.52241   8.02378
 61.86186   7.51292   8.02187
 61.96196   7.50353   8.01988
 62.06206   7.49424   8.01781
 62.16216   7.48504   8.01566
 62.26226   7.47595   8.01344
 62.36236   7.46696   8.01115
 62.46246   7.45808   8.00878
 62.56256   7.44931   8.00635
 62.66266   7.44065   8.00384
 62.76276   7.43211   8.00127
 62.86286   7.42369   7.99863
 62.96296   7.41539   7.99593
 63.06306   7.40721   7.99317
 63.16316   7.39915   7.99036
 63.26326   7.39123   7.98748
 63.36336   7.38343   7.98455
 63.46346   7.37577   7.98156
 63.56356   7.36823   7.97853
 63.66366   7.36084   7.97544
 63.76376   7.35358   7.97231
 63.86386   7.34646   7.96913
 63.96396   7.33948   7.96591
 64.06406   7.33264   7.96264
 64.16416   7.32595   7.95934
 64.26426   7.31940   7.95600
 64.36436   7.31300   7.95262
 64.46446   7.30675   7.94921
 64.56456   7.30065   7.94577
 64.66466   7.29470   7.94229
 64.76476   7.28890   7.93879
 64.86486   7.28325   7.93526
 64.96496   7.27776   7.93171
 65.06507   7.27242   7.92814
 65.16517   7.26724   7.92455
 65.26527   7.26222   7.92093
 65.36537   7.25735   7.91730
 65.46547   7.25264   7.91366
 65.56557   7.24809   7.91001
 65.66567   7.24369   7.90634
 65.76577   7.23946   7.90266
 65.86587   7.23538   7.89898
 65.96597   7.23147   7.89529
 66.06607   7.22771   7.89160
 66.16617   7.22412   7.88791
 66.26627   7.22069   7.88422
 66.36637   7.21741   7.88053
 66.46647   7.21430   7.87684
 66.56657   7.21134   7.87316
 66.66667   7.20855   7.86949
 66.76677   7.20591   7.86583
 66.86687   7.20344   7.86217
 66.96697   7.20112   7.85853
 67.06707   7.19896   7.85490
 67.16717   7.19696   7.85129
 67.26727   7.19512   7.84769
 67.36737   7.19343   7.84412
 67.46747   7.19190   7.84056
 67.56757   7.19053   7.83702
 67.66767   7.18931   7.83351
 67.76777   7.18824   7.83002
 67.86787   7.18732   7.82656
 67.96797   7.18656   7.82313
 68.06807   7.18595   7.81972
 68.16817   7.18548   7.81634
 68.26827   7.18517   7.81300
 68.36837   7.18500   7.80969
 68.46847   7.18498   7.80641
 68.56857   7.18510   7.80316
 68.66867   7.18537   7.79995
 68.76877   7.18577   7.79678
 68.86887   7.18632   7.79365
 68.96897   7.18700   7.79056
 69.06907   7.18783   7.78751
 69.16917   7.18879   7.78450
 69.26927   7.18988   7.78153
 69.36937   7.19110   7.77860
 69.46947   7.19246   7.77572
 69.56957   7.19394   7.77289
 69.66967   7.19555   7.77010
 69.76977   7.19729   7.76736
 69.86987   7.19914   7.76466
 69.96997   7.20112   7.76202
 70.07007   7.20322   7.75942
 70.17017   7.20544   7.75688
 70.27027   7.20777   7.75438
 70.37037   7.21021   7.75194
 70.47047   7.21276   7.74955
 70.57057   7.21542   7.74721
 70.67067   7.21819   7.74492
 70.77077   7.22107   7.74269
 70.87087   7.22404   7.74051
 70.97097   7.22712   7.73838
 71.07107   7.23029   7.73631
 71.17117   7.23356   7.73430
 71.27127   7.23692   7.73234
 71.37137   7.24037   7.73044
 71.47147   7.24390   7.72859
 71.57157   7.24753   7.72680
 71.67167   7.25123   7.72507
 71.77177   7.25502   7.72339
 71.87187   7.25889   7.72177
 71.97197   7.26283   7.72021
 72.07207   7.26684   7.71870
 72.17217   7.27093   7.71726
 72.27227   7.27508   7.71587
 72.37237   7.27930   7.71453
 72.47247   7.28359   7.71326
 72.57257   7.28793   7.71204
 72.67267   7.29233   7.71088
 72.77277   7.29679   7.70978
 72.87287   7.30130   7.70874
 72.97297   7.30586   7.70775
 73.07307   7.31047   7.70682
 73.17317   7.31512   7.70595
 73.27327   7.31982   7.70513
 73.37337   7.32455   7.70437
 73.47347   7.32933   7.70367
 73.57357   7.33414   7.70302
 73.67367   7.33898   7.70243
 73.77377   7.34385   7.70189
 73.87387   7.34875   7.70141
 73.97397   7.35367   7.70098
 74.07407   7.35862   7.70061
 74.17417   7.36359   7.70029
 74.27427   7.36857   7.70003
 74.37437   7.37357   7.69982
 74.47447   7.37858   7.69966
 74.57457   7.38360   7.69955
 74.67467   7.38863   7.69950
 74.77477   7.39367   7.69949
 74.87487   7.39870   7.69954
 74.97497   7.40374   7.69964
 75.07508   7.40878   7.69978
 75.17518   7.41381   7.69998
 75.27528   7.41883   7.70022
 75.37538   7.42385   7.70052
 75.47548   7.42885   7.70085
 75.57558   7.43384   7.70124
 75.67568   7.43882   7.70167
 75.77578   7.44378   7.70215
 75.87588   7.44872   7.70267
 75.97598   7.45363   7.70324
 76.07608   7.45853   7.70385
 76.17618   7.46339   7.70450
 76.27628   7.46823   7.70519
 76.37638   7.47304   7.70592
 76.47648   7.47781   7.70670
 76.57658   7.48256   7.70751
 76.67668   7.48726   7.70837
 76.77678   7.49193   7.70926
 76.87688   7.49656   7.71018
 76.97698   7.50114   7.71115
 77.07708   7.50569   7.71215
 77.17718   7.51019   7.71318
 77.27728   7.51464   7.71425
 77.37738   7.51904   7.71536
 77.47748   7.52340   7.71649
 77.57758   7.52770   7.71766
 77.67768   7.53195   7.71886
 77.77778   7.53615   7.72008
 77.87788   7.54029   7.72134
 77.97798   7.54437   7.72262
 78.07808   7.54839   7.72394
 78.17818   7.55236   7.72527
 78.27828   7.55626   7.72664
 78.37838   7.56010   7.72803
 78.47848   7.56388   7.72944
 78.57858   7.56759   7.73088
 78.67868   7.57124   7.73234
 78.77878   7.57482   7.73382
 78.87888   7.57833   7.73532
 78.97898   7.58177   7.73684
 79.07908   7.58514   7.73838
 79.17918   7.58845   7.73993
 79.27928   7.59168   7.74151
 79.37938   7.59483   7.74310
 79.47948   7.59792   7.74470
 79.57958   7.60093   7.74633
 79.67968   7.60387   7.74796
 79.77978   7.60673   7.74961
 79.87988   7.60951   7.75126
 79.97998   7.61222   7.75293
 80.08008   7.61485   7.75462
 80.18018   7.61741   7.75630
 80.28028   7.61988   7.75800
 80.38038   7.62228   7.75971
 80.48048   7.62460   7.76142
 80.58058   7.62684   7.76314
 80.68068   7.62901   7.76487
 80.78078   7.63109   7.76659
 80.88088   7.63309   7.76833
 80.98098   7.63502   7.77006
 81.08108   7.63686   7.77180
 81.18118   7.63862   7.77354
 81.28128   7.64031   7.77528
 81.38138   7.64191   7.77702
 81.48148   7.64344   7.77876
 81.58158   7.64488   7.78049
 81.68168   7.64625   7.78223
 81.78178   7.64753   7.78396
 81.88188   7.64874   7.78568
 81.98198   7.64987   7.78741
 82.08208   7.65092   7.78912
 82.18218   7.65189   7.79083
 82.28228   7.65278   7.79254
 82.38238   7.65359   7.79423
 82.48248   7.65433   7.79592
 82.58258   7.65499   7.79760
 82.68268   7.65558   7.79927
 82.78278   7.65608   7.80093
 82.88288   7.65652   7.80258
 82.98298   7.65687   7.80422
 83.08308   7.65716   7.80584
 83.18318   7.65737   7.80745
 83.28328   7.65750   7.80905
 83.38338   7.65757   7.81064
 83.48348   7.65756   7.81221
 83.58358   7.65748   7.81376
 83.68368   7.65733   7.81530
 83.78378   7.65712   7.81683
 83.88388   7.65683   7.81834
 83.98398   7.65647   7.81983
 84.08408   7.65605   7.82130
 84.18418   7.65556   7.82276
 84.28428   7.65501   7.82419
 84.38438   7.65439   7.82561
 84.48448   7.65371   7.82701
 84.58458   7.65297   7.82839
 84.68468   7.65216   7.82974
 84.78478   7.65130   7.83108
 84.88488   7.65037   7.83240
 84.98498   7.64939   7.83369
 85.08509   7.64835   7.83496
 85.18519   7.64725   7.83621
 85.28529   7.64610   7.83744
 85.38539   7.64489   7.83864
 85.48549   7.64363   7.83982
 85.58559   7.64232   7.84098
 85.68569   7.64095   7.84211
 85.78579   7.63954   7.84322
 85.88589   7.63808   7.84431
 85.98599   7.63657   7.84537
 86.08609   7.63501   7.84640
 86.18619   7.63341   7.84741
 86.28629   7.63176   7.84840
 86.38639   7.63007   7.84936
 86.48649   7.62834   7.85029
 86.58659   7.62657   7.85120
 86.68669   7.62476   7.85208
 86.78679   7.62291   7.85293
 86.88689   7.62103   7.85376
 86.98699   7.61910   7.85456
 87.08709   7.61715   7.85534
 87.18719   7.61516   7.85608
 87.28729   7.61314   7.85680
 87.38739   7.61109   7.85750
 87.48749   7.60901   7.85817
 87.58759   7.60690   7.85881
 87.68769   7.60476   7.85942
 87.78779   7.60260   7.86000
 87.88789   7.60041   7.86056
 87.98799   7.59820   7.86109
 88.08809   7.59597   7.86160
 88.18819   7.59371   7.86208
 88.28829   7.59144   7.86253
 88.38839   7.58915   7.86295
 88.48849   7.58684   7.86334
 88.58859   7.58451   7.86371
 88.68869   7.58217   7.86406
 88.78879   7.57982   7.86437
 88.88889   7.57745   7.86466
 88.98899   7.57507   7.86492
 89.08909   7.57268   7.86516
 89.18919   7.57028   7.86537
 89.28929   7.56788   7.86555
 89.38939   7.56547   7.86571
 89.48949   7.56305   7.86584
 89.58959   7.56063   7.86595
 89.68969   7.55820   7.86603
 89.78979   7.55577   7.86609
 89.88989   7.55335   7.86612
 89.98999   7.55092   7.86613
 90.09009   7.54849   7.86611
 90.19019   7.54607   7.86607
 90.29029   7.54364   7.86600
 90.39039   7.54123   7.86591
 90.49049   7.53881   7.86580
 90.59059   7.53641   7.86566
 90.69069   7.53401   7.86550
 90.79079   7.53162   7.86532
 90.89089   7.52924   7.86511
 90.99099   7.52687   7.86489
 91.09109   7.52451   7.86464
 91.19119   7.52216   7.86437
 91.29129   7.51983   7.86408
 91.39139   7.51751   7.86377
 91.49149   7.51521   7.86343
 91.59159   7.51292   7.86308
 91.69169   7.51065   7.86271
 91.79179   7.50839   7.86232
 91.89189   7.50616   7.86191
 91.99199   7.50394   7.86148
 92.09209   7.50174   7.86103
 92.19219   7.49957   7.86057
 92.29229   7.49741   7.86008
 92.39239   7.49528   7.85958
 92.49249   7.49317   7.85907
 92.59259   7.49109   7.85853
 92.69269   7.48903   7.85799
 92.79279   7.48699   7.85742
 92.89289   7.48498   7.85684
 92.99299   7.48300   7.85625
 93.09309   7.48104   7.85564
 93.19319   7.47911   7.85502
 93.29329   7.47721   7.85438
 93.39339   7.47534   7.85373
 93.49349   7.47350   7.85307
 93.59359   7.47169   7.85240
 93.69369   7.46991   7.85171
 93.79379   7.46816   7.85101
 93.89389   7.46644   7.85031
 93.99399   7.46476   7.84959
 94.09409   7.46310   7.84886
 94.19419   7.46148   7.84812
 94.29429   7.45989   7.84737
 94.39439   7.45834   7.84662
 94.49449   7.45682   7.84585
 94.59459   7.45533   7.84508
 94.69469   7.45388   7.84430
 94.79479   7.45246   7.84352
 94.89489   7.45108   7.84272
 94.99499   7.44974   7.84192
 95.09510   7.44843   7.84112
 95.19520   7.44716   7.84031
 95.29530   7.44592   7.83949
 95.39540   7.44472   7.83867
 95.49550   7.44355   7.83785
 95.59560   7.44243   7.83702
 95.69570   7.44134   7.83619
 95.79580   7.44028   7.83536
 95.89590   7.43927   7.83452
 95.99600   7.43829   7.83368
 96.09610   7.43735   7.83284
 96.19620   7.43645   7.83200
 96.29630   7.43558   7.83116
 96.39640   7.43475   7.83032
 96.49650   7.43396   7.82947
 96.59660   7.43321   7.82863
 96.69670   7.43249   7.82779
 96.79680   7.43182   7.82695
 96.89690   7.43118   7.82611
 96.99700   7.43057   7.82528
 97.09710   7.43001   7.82444
 97.19720   7.42948   7.82361
 97.29730   7.42899   7.82278
 97.39740   7.42853   7.82196
 97.49750   7.42812   7.82114
 97.59760   7.42773   7.82032
 97.69770   7.42739   7.81951
 97.79780   7.42708   7.81870
 97.89790   7.42681   7.81789
 97.99800   7.42657   7.81710
 98.09810   7.42637   7.81630
 98.19820   7.42621   7.81552
 98.29830   7.42608   7.81474
 98.39840   7.42598   7.81396
 98.49850   7.42592   7.81319
 98.59860   7.42590   7.81243
 98.69870   7.42590   7.81168
 98.79880   7.42595   7.81094
 98.89890   7.42602   7.81020
 98.99900   7.42613   7.80947
 99.09910   7.42627   7.80875
 99.19920   7.42644   7.80804
 99.29930   7.42664   7.80734
 99.39940   7.42688   7.80664
 99.49950   7.42714   7.80596
 99.59960   7.42744   7.80528
 99.69970   7.42777   7.80462
 99.79980   7.42812   7.80396
 99.89990   7.42851   7.80332
100.00000   7.42893   7.80269
