# ALPHA_1 0.002
# ALPHA_2 0.001
# BETTA_1 0.004
# BETTA_2 0.001
# GAMMA_1 0.500
# GAMMA_2 0.500
# Y0 266.000
# Z0 200.000
# X_BEG 0.000
# X_END 100.000
# XDOTS_NUM 1000
# DX 0.100
  0.000 266.000 200.000
  0.100 247.416 195.826
  0.200 231.792 192.467
  0.300 218.479 189.769
  0.400 207.002 187.619
  0.501 197.009 185.926
  0.601 188.230 184.623
  0.701 180.459 183.652
  0.801 173.533 182.971
  0.901 167.320 182.541
  1.001 161.716 182.334
  1.101 156.636 182.323
  1.201 152.009 182.488
  1.301 147.777 182.810
  1.401 143.890 183.275
  1.502 140.308 183.868
  1.602 136.995 184.579
  1.702 133.921 185.396
  1.802 131.059 186.312
  1.902 128.389 187.317
  2.002 125.890 188.406
  2.102 123.546 189.571
  2.202 121.341 190.808
  2.302 119.262 192.110
  2.402 117.298 193.474
  2.503 115.439 194.895
  2.603 113.675 196.369
  2.703 111.998 197.893
  2.803 110.402 199.463
  2.903 108.878 201.076
  3.003 107.422 202.729
  3.103 106.029 204.420
  3.203 104.692 206.147
  3.303 103.409 207.906
  3.403 102.175 209.695
  3.504 100.986 211.513
  3.604  99.840 213.358
  3.704  98.732 215.227
  3.804  97.661 217.119
  3.904  96.625 219.033
  4.004  95.619 220.965
  4.104  94.644 222.916
  4.204  93.696 224.883
  4.304  92.774 226.865
  4.404  91.876 228.861
  4.505  91.001 230.869
  4.605  90.147 232.887
  4.705  89.313 234.916
  4.805  88.498 236.953
  4.905  87.702 238.998
  5.005  86.921 241.048
  5.105  86.157 243.104
  5.205  85.408 245.165
  5.305  84.673 247.228
  5.405  83.951 249.294
  5.506  83.242 251.360
  5.606  82.546 253.428
  5.706  81.860 255.494
  5.806  81.186 257.559
  5.906  80.522 259.622
  6.006  79.869 261.683
  6.106  79.225 263.739
  6.206  78.590 265.791
  6.306  77.963 267.838
  6.406  77.346 269.878
  6.507  76.736 271.913
  6.607  76.134 273.940
  6.707  75.540 275.960
  6.807  74.953 277.971
  6.907  74.373 279.973
  7.007  73.799 281.966
  7.107  73.232 283.949
  7.207  72.672 285.922
  7.307  72.118 287.883
  7.407  71.570 289.834
  7.508  71.027 291.772
  7.608  70.491 293.699
  7.708  69.959 295.613
  7.808  69.434 297.514
  7.908  68.913 299.402
  8.008  68.398 301.277
  8.108  67.888 303.137
  8.208  67.383 304.984
  8.308  66.883 306.816
  8.408  66.388 308.633
  8.509  65.897 310.436
  8.609  65.411 312.224
  8.709  64.930 313.996
  8.809  64.453 315.753
  8.909  63.980 317.494
  9.009  63.512 319.220
  9.109  63.049 320.930
  9.209  62.589 322.623
  9.309  62.134 324.301
  9.409  61.683 325.963
  9.510  61.236 327.608
  9.610  60.794 329.237
  9.710  60.355 330.849
  9.810  59.920 332.445
  9.910  59.490 334.025
 10.010  59.063 335.588
 10.110  58.640 337.134
 10.210  58.221 338.665
 10.310  57.806 340.178
 10.410  57.395 341.675
 10.511  56.988 343.156
 10.611  56.584 344.620
 10.711  56.184 346.068
 10.811  55.787 347.500
 10.911  55.395 348.916
 11.011  55.006 350.315
 11.111  54.620 351.698
 11.211  54.238 353.065
 11.311  53.860 354.416
 11.411  53.485 355.752
 11.512  53.114 357.072
 11.612  52.746 358.376
 11.712  52.381 359.664
 11.812  52.020 360.937
 11.912  51.662 362.195
 12.012  51.308 363.437
 12.112  50.957 364.665
 12.212  50.609 365.877
 12.312  50.265 367.075
 12.412  49.924 368.258
 12.513  49.586 369.426
 12.613  49.251 370.581
 12.713  48.919 371.720
 12.813  48.591 372.846
 12.913  48.265 373.958
 13.013  47.943 375.055
 13.113  47.624 376.140
 13.213  47.308 377.210
 13.313  46.995 378.267
 13.413  46.685 379.311
 13.514  46.377 380.342
 13.614  46.073 381.360
 13.714  45.772 382.365
 13.814  45.473 383.357
 13.914  45.178 384.337
 14.014  44.885 385.304
 14.114  44.595 386.260
 14.214  44.308 387.203
 14.314  44.024 388.134
 14.414  43.742 389.054
 14.515  43.463 389.962
 14.615  43.187 390.858
 14.715  42.913 391.743
 14.815  42.642 392.617
 14.915  42.374 393.480
 15.015  42.108 394.333
 15.115  41.844 395.174
 15.215  41.584 396.005
 15.315  41.325 396.825
 15.415  41.070 397.635
 15.516  40.816 398.435
 15.616  40.565 399.225
 15.716  40.317 400.005
 15.816  40.071 400.776
 15.916  39.827 401.537
 16.016  39.586 402.288
 16.116  39.347 403.030
 16.216  39.110 403.763
 16.316  38.875 404.486
 16.416  38.643 405.201
 16.517  38.413 405.907
 16.617  38.185 406.604
 16.717  37.959 407.293
 16.817  37.736 407.973
 16.917  37.514 408.645
 17.017  37.295 409.309
 17.117  37.077 409.965
 17.217  36.862 410.612
 17.317  36.649 411.252
 17.417  36.438 411.885
 17.518  36.228 412.509
 17.618  36.021 413.126
 17.718  35.816 413.736
 17.818  35.612 414.338
 17.918  35.411 414.933
 18.018  35.211 415.522
 18.118  35.014 416.103
 18.218  34.818 416.677
 18.318  34.624 417.245
 18.418  34.431 417.805
 18.519  34.241 418.360
 18.619  34.052 418.908
 18.719  33.865 419.449
 18.819  33.680 419.984
 18.919  33.496 420.513
 19.019  33.314 421.036
 19.119  33.134 421.553
 19.219  32.956 422.064
 19.319  32.779 422.569
 19.419  32.603 423.068
 19.520  32.430 423.562
 19.620  32.257 424.050
 19.720  32.087 424.533
 19.820  31.918 425.010
 19.920  31.750 425.482
 20.020  31.584 425.949
 20.120  31.419 426.410
 20.220  31.256 426.867
 20.320  31.095 427.318
 20.420  30.935 427.764
 20.521  30.776 428.206
 20.621  30.618 428.642
 20.721  30.462 429.074
 20.821  30.308 429.501
 20.921  30.155 429.924
 21.021  30.003 430.342
 21.121  29.852 430.756
 21.221  29.703 431.165
 21.321  29.555 431.570
 21.421  29.408 431.970
 21.522  29.263 432.366
 21.622  29.119 432.758
 21.722  28.976 433.146
 21.822  28.834 433.530
 21.922  28.694 433.910
 22.022  28.555 434.286
 22.122  28.417 434.659
 22.222  28.280 435.027
 22.322  28.144 435.391
 22.422  28.009 435.752
 22.523  27.876 436.109
 22.623  27.744 436.463
 22.723  27.612 436.813
 22.823  27.482 437.159
 22.923  27.353 437.502
 23.023  27.225 437.841
 23.123  27.099 438.178
 23.223  26.973 438.510
 23.323  26.848 438.840
 23.423  26.724 439.166
 23.524  26.602 439.489
 23.624  26.480 439.809
 23.724  26.359 440.126
 23.824  26.239 440.440
 23.924  26.121 440.750
 24.024  26.003 441.058
 24.124  25.886 441.363
 24.224  25.770 441.665
 24.324  25.655 441.964
 24.424  25.541 442.260
 24.525  25.428 442.553
 24.625  25.316 442.844
 24.725  25.204 443.132
 24.825  25.094 443.417
 24.925  24.984 443.699
 25.025  24.876 443.979
 25.125  24.768 444.257
 25.225  24.661 444.531
 25.325  24.555 444.804
 25.425  24.449 445.073
 25.526  24.345 445.341
 25.626  24.241 445.606
 25.726  24.138 445.868
 25.826  24.036 446.128
 25.926  23.935 446.386
 26.026  23.834 446.642
 26.126  23.735 446.895
 26.226  23.636 447.146
 26.326  23.537 447.395
 26.426  23.440 447.641
 26.527  23.343 447.886
 26.627  23.247 448.128
 26.727  23.152 448.368
 26.827  23.057 448.606
 26.927  22.963 448.842
 27.027  22.870 449.076
 27.127  22.777 449.308
 27.227  22.686 449.538
 27.327  22.595 449.767
 27.427  22.504 449.993
 27.528  22.414 450.217
 27.628  22.325 450.439
 27.728  22.237 450.660
 27.828  22.149 450.878
 27.928  22.062 451.095
 28.028  21.975 451.310
 28.128  21.889 451.523
 28.228  21.804 451.735
 28.328  21.719 451.945
 28.428  21.635 452.153
 28.529  21.552 452.359
 28.629  21.469 452.564
 28.729  21.386 452.767
 28.829  21.305 452.968
 28.929  21.223 453.168
 29.029  21.143 453.366
 29.129  21.063 453.562
 29.229  20.983 453.757
 29.329  20.905 453.951
 29.429  20.826 454.143
 29.530  20.748 454.333
 29.630  20.671 454.522
 29.730  20.594 454.710
 29.830  20.518 454.895
 29.930  20.443 455.080
 30.030  20.367 455.263
 30.130  20.293 455.445
 30.230  20.219 455.625
 30.330  20.145 455.804
 30.430  20.072 455.981
 30.531  19.999 456.158
 30.631  19.927 456.333
 30.731  19.855 456.506
 30.831  19.784 456.678
 30.931  19.714 456.849
 31.031  19.643 457.019
 31.131  19.574 457.187
 31.231  19.504 457.354
 31.331  19.436 457.520
 31.431  19.367 457.685
 31.532  19.299 457.848
 31.632  19.232 458.011
 31.732  19.165 458.172
 31.832  19.098 458.332
 31.932  19.032 458.490
 32.032  18.966 458.648
 32.132  18.901 458.804
 32.232  18.836 458.960
 32.332  18.772 459.114
 32.432  18.707 459.267
 32.533  18.644 459.419
 32.633  18.581 459.570
 32.733  18.518 459.720
 32.833  18.455 459.868
 32.933  18.393 460.016
 33.033  18.332 460.163
 33.133  18.270 460.309
 33.233  18.209 460.453
 33.333  18.149 460.597
 33.433  18.089 460.740
 33.534  18.029 460.881
 33.634  17.970 461.022
 33.734  17.911 461.162
 33.834  17.852 461.300
 33.934  17.794 461.438
 34.034  17.736 461.575
 34.134  17.678 461.711
 34.234  17.621 461.846
 34.334  17.564 461.980
 34.434  17.508 462.114
 34.535  17.452 462.246
 34.635  17.396 462.377
 34.735  17.340 462.508
 34.835  17.285 462.638
 34.935  17.230 462.767
 35.035  17.176 462.895
 35.135  17.122 463.022
 35.235  17.068 463.148
 35.335  17.014 463.274
 35.435  16.961 463.398
 35.536  16.908 463.522
 35.636  16.856 463.645
 35.736  16.803 463.768
 35.836  16.752 463.889
 35.936  16.700 464.010
 36.036  16.648 464.130
 36.136  16.597 464.249
 36.236  16.547 464.367
 36.336  16.496 464.485
 36.436  16.446 464.602
 36.537  16.396 464.718
 36.637  16.347 464.833
 36.737  16.297 464.948
 36.837  16.248 465.062
 36.937  16.200 465.176
 37.037  16.151 465.288
 37.137  16.103 465.400
 37.237  16.055 465.511
 37.337  16.007 465.622
 37.437  15.960 465.732
 37.538  15.913 465.841
 37.638  15.866 465.949
 37.738  15.819 466.057
 37.838  15.773 466.164
 37.938  15.727 466.271
 38.038  15.681 466.377
 38.138  15.636 466.482
 38.238  15.590 466.586
 38.338  15.545 466.690
 38.438  15.500 466.794
 38.539  15.456 466.896
 38.639  15.412 466.999
 38.739  15.368 467.100
 38.839  15.324 467.201
 38.939  15.280 467.301
 39.039  15.237 467.401
 39.139  15.194 467.500
 39.239  15.151 467.599
 39.339  15.108 467.697
 39.439  15.066 467.794
 39.540  15.023 467.891
 39.640  14.982 467.987
 39.740  14.940 468.083
 39.840  14.898 468.178
 39.940  14.857 468.273
 40.040  14.816 468.367
 40.140  14.775 468.461
 40.240  14.734 468.554
 40.340  14.694 468.646
 40.440  14.654 468.738
 40.541  14.614 468.830
 40.641  14.574 468.920
 40.741  14.534 469.011
 40.841  14.495 469.101
 40.941  14.456 469.190
 41.041  14.417 469.279
 41.141  14.378 469.368
 41.241  14.339 469.455
 41.341  14.301 469.543
 41.441  14.263 469.630
 41.542  14.225 469.716
 41.642  14.187 469.802
 41.742  14.149 469.888
 41.842  14.112 469.973
 41.942  14.075 470.058
 42.042  14.038 470.142
 42.142  14.001 470.225
 42.242  13.964 470.309
 42.342  13.928 470.391
 42.442  13.891 470.474
 42.543  13.855 470.556
 42.643  13.819 470.637
 42.743  13.784 470.718
 42.843  13.748 470.799
 42.943  13.713 470.879
 43.043  13.677 470.959
 43.143  13.642 471.038
 43.243  13.607 471.117
 43.343  13.573 471.195
 43.443  13.538 471.273
 43.544  13.504 471.351
 43.644  13.470 471.428
 43.744  13.435 471.505
 43.844  13.402 471.582
 43.944  13.368 471.658
 44.044  13.334 471.733
 44.144  13.301 471.809
 44.244  13.268 471.883
 44.344  13.235 471.958
 44.444  13.202 472.032
 44.545  13.169 472.106
 44.645  13.136 472.179
 44.745  13.104 472.252
 44.845  13.072 472.325
 44.945  13.040 472.397
 45.045  13.008 472.469
 45.145  12.976 472.540
 45.245  12.944 472.611
 45.345  12.913 472.682
 45.445  12.881 472.753
 45.546  12.850 472.823
 45.646  12.819 472.893
 45.746  12.788 472.962
 45.846  12.757 473.031
 45.946  12.727 473.100
 46.046  12.696 473.168
 46.146  12.666 473.236
 46.246  12.635 473.304
 46.346  12.605 473.371
 46.446  12.575 473.438
 46.547  12.546 473.505
 46.647  12.516 473.571
 46.747  12.486 473.637
 46.847  12.457 473.703
 46.947  12.428 473.768
 47.047  12.399 473.834
 47.147  12.370 473.898
 47.247  12.341 473.963
 47.347  12.312 474.027
 47.447  12.283 474.091
 47.548  12.255 474.154
 47.648  12.226 474.218
 47.748  12.198 474.281
 47.848  12.170 474.343
 47.948  12.142 474.406
 48.048  12.114 474.468
 48.148  12.086 474.530
 48.248  12.059 474.591
 48.348  12.031 474.652
 48.448  12.004 474.713
 48.549  11.977 474.774
 48.649  11.950 474.834
 48.749  11.923 474.894
 48.849  11.896 474.954
 48.949  11.869 475.013
 49.049  11.842 475.073
 49.149  11.816 475.132
 49.249  11.789 475.190
 49.349  11.763 475.249
 49.449  11.737 475.307
 49.550  11.711 475.365
 49.650  11.685 475.422
 49.750  11.659 475.480
 49.850  11.633 475.537
 49.950  11.607 475.594
 50.050  11.582 475.650
 50.150  11.556 475.707
 50.250  11.531 475.763
 50.350  11.506 475.819
 50.450  11.481 475.874
 50.551  11.456 475.930
 50.651  11.431 475.985
 50.751  11.406 476.039
 50.851  11.381 476.094
 50.951  11.357 476.148
 51.051  11.332 476.202
 51.151  11.308 476.256
 51.251  11.284 476.310
 51.351  11.260 476.363
 51.451  11.236 476.417
 51.552  11.212 476.469
 51.652  11.188 476.522
 51.752  11.164 476.575
 51.852  11.140 476.627
 51.952  11.117 476.679
 52.052  11.093 476.731
 52.152  11.070 476.782
 52.252  11.047 476.834
 52.352  11.023 476.885
 52.452  11.000 476.936
 52.553  10.977 476.986
 52.653  10.954 477.037
 52.753  10.931 477.087
 52.853  10.909 477.137
 52.953  10.886 477.187
 53.053  10.864 477.237
 53.153  10.841 477.286
 53.253  10.819 477.335
 53.353  10.796 477.384
 53.453  10.774 477.433
 53.554  10.752 477.481
 53.654  10.730 477.530
 53.754  10.708 477.578
 53.854  10.686 477.626
 53.954  10.665 477.674
 54.054  10.643 477.721
 54.154  10.621 477.769
 54.254  10.600 477.816
 54.354  10.579 477.863
 54.454  10.557 477.910
 54.555  10.536 477.956
 54.655  10.515 478.003
 54.755  10.494 478.049
 54.855  10.473 478.095
 54.955  10.452 478.141
 55.055  10.431 478.186
 55.155  10.410 478.232
 55.255  10.390 478.277
 55.355  10.369 478.322
 55.455  10.348 478.367
 55.556  10.328 478.412
 55.656  10.308 478.456
 55.756  10.287 478.501
 55.856  10.267 478.545
 55.956  10.247 478.589
 56.056  10.227 478.633
 56.156  10.207 478.676
 56.256  10.187 478.720
 56.356  10.167 478.763
 56.456  10.148 478.806
 56.557  10.128 478.849
 56.657  10.108 478.892
 56.757  10.089 478.935
 56.857  10.069 478.977
 56.957  10.050 479.020
 57.057  10.031 479.062
 57.157  10.012 479.104
 57.257   9.992 479.145
 57.357   9.973 479.187
 57.457   9.954 479.229
 57.558   9.935 479.270
 57.658   9.916 479.311
 57.758   9.898 479.352
 57.858   9.879 479.393
 57.958   9.860 479.433
 58.058   9.842 479.474
 58.158   9.823 479.514
 58.258   9.805 479.555
 58.358   9.786 479.595
 58.458   9.768 479.635
 58.559   9.750 479.674
 58.659   9.732 479.714
 58.759   9.713 479.753
 58.859   9.695 479.793
 58.959   9.677 479.832
 59.059   9.659 479.871
 59.159   9.642 479.910
 59.259   9.624 479.948
 59.359   9.606 479.987
 59.459   9.588 480.025
 59.560   9.571 480.064
 59.660   9.553 480.102
 59.760   9.536 480.140
 59.860   9.518 480.178
 59.960   9.501 480.215
 60.060   9.484 480.253
 60.160   9.466 480.290
 60.260   9.449 480.328
 60.360   9.432 480.365
 60.460   9.415 480.402
 60.561   9.398 480.439
 60.661   9.381 480.475
 60.761   9.364 480.512
 60.861   9.347 480.548
 60.961   9.331 480.585
 61.061   9.314 480.621
 61.161   9.297 480.657
 61.261   9.281 480.693
 61.361   9.264 480.729
 61.461   9.248 480.764
 61.562   9.231 480.800
 61.662   9.215 480.835
 61.762   9.199 480.871
 61.862   9.183 480.906
 61.962   9.166 480.941
 62.062   9.150 480.976
 62.162   9.134 481.011
 62.262   9.118 481.045
 62.362   9.102 481.080
 62.462   9.086 481.114
 62.563   9.070 481.148
 62.663   9.055 481.183
 62.763   9.039 481.217
 62.863   9.023 481.251
 62.963   9.008 481.284
 63.063   8.992 481.318
 63.163   8.976 481.352
 63.263   8.961 481.385
 63.363   8.945 481.418
 63.463   8.930 481.452
 63.564   8.915 481.485
 63.664   8.900 481.518
 63.764   8.884 481.551
 63.864   8.869 481.583
 63.964   8.854 481.616
 64.064   8.839 481.649
 64.164   8.824 481.681
 64.264   8.809 481.713
 64.364   8.794 481.745
 64.464   8.779 481.778
 64.565   8.764 481.810
 64.665   8.750 481.841
 64.765   8.735 481.873
 64.865   8.720 481.905
 64.965   8.706 481.936
 65.065   8.691 481.968
 65.165   8.676 481.999
 65.265   8.662 482.030
 65.365   8.647 482.061
 65.465   8.633 482.092
 65.566   8.619 482.123
 65.666   8.604 482.154
 65.766   8.590 482.185
 65.866   8.576 482.215
 65.966   8.562 482.246
 66.066   8.548 482.276
 66.166   8.534 482.307
 66.266   8.520 482.337
 66.366   8.506 482.367
 66.466   8.492 482.397
 66.567   8.478 482.427
 66.667   8.464 482.456
 66.767   8.450 482.486
 66.867   8.436 482.516
 66.967   8.423 482.545
 67.067   8.409 482.575
 67.167   8.395 482.604
 67.267   8.382 482.633
 67.367   8.368 482.662
 67.467   8.355 482.691
 67.568   8.341 482.720
 67.668   8.328 482.749
 67.768   8.315 482.778
 67.868   8.301 482.806
 67.968   8.288 482.835
 68.068   8.275 482.863
 68.168   8.262 482.891
 68.268   8.248 482.920
 68.368   8.235 482.948
 68.468   8.222 482.976
 68.569   8.209 483.004
 68.669   8.196 483.032
 68.769   8.183 483.060
 68.869   8.170 483.087
 68.969   8.157 483.115
 69.069   8.145 483.142
 69.169   8.132 483.170
 69.269   8.119 483.197
 69.369   8.106 483.225
 69.469   8.094 483.252
 69.570   8.081 483.279
 69.670   8.068 483.306
 69.770   8.056 483.333
 69.870   8.043 483.360
 69.970   8.031 483.386
 70.070   8.018 483.413
 70.170   8.006 483.440
 70.270   7.994 483.466
 70.370   7.981 483.493
 70.470   7.969 483.519
 70.571   7.957 483.545
 70.671   7.944 483.571
 70.771   7.932 483.597
 70.871   7.920 483.623
 70.971   7.908 483.649
 71.071   7.896 483.675
 71.171   7.884 483.701
 71.271   7.872 483.727
 71.371   7.860 483.752
 71.471   7.848 483.778
 71.572   7.836 483.803
 71.672   7.824 483.829
 71.772   7.812 483.854
 71.872   7.801 483.879
 71.972   7.789 483.904
 72.072   7.777 483.929
 72.172   7.765 483.954
 72.272   7.754 483.979
 72.372   7.742 484.004
 72.472   7.731 484.029
 72.573   7.719 484.053
 72.673   7.707 484.078
 72.773   7.696 484.103
 72.873   7.685 484.127
 72.973   7.673 484.151
 73.073   7.662 484.176
 73.173   7.650 484.200
 73.273   7.639 484.224
 73.373   7.628 484.248
 73.473   7.617 484.272
 73.574   7.605 484.296
 73.674   7.594 484.320
 73.774   7.583 484.344
 73.874   7.572 484.368
 73.974   7.561 484.391
 74.074   7.550 484.415
 74.174   7.539 484.438
 74.274   7.528 484.462
 74.374   7.517 484.485
 74.474   7.506 484.508
 74.575   7.495 484.532
 74.675   7.484 484.555
 74.775   7.473 484.578
 74.875   7.462 484.601
 74.975   7.452 484.624
 75.075   7.441 484.647
 75.175   7.430 484.670
 75.275   7.419 484.693
 75.375   7.409 484.715
 75.475   7.398 484.738
 75.576   7.388 484.760
 75.676   7.377 484.783
 75.776   7.366 484.805
 75.876   7.356 484.828
 75.976   7.345 484.850
 76.076   7.335 484.872
 76.176   7.325 484.895
 76.276   7.314 484.917
 76.376   7.304 484.939
 76.476   7.293 484.961
 76.577   7.283 484.983
 76.677   7.273 485.004
 76.777   7.263 485.026
 76.877   7.252 485.048
 76.977   7.242 485.070
 77.077   7.232 485.091
 77.177   7.222 485.113
 77.277   7.212 485.134
 77.377   7.202 485.156
 77.477   7.192 485.177
 77.578   7.182 485.198
 77.678   7.172 485.220
 77.778   7.162 485.241
 77.878   7.152 485.262
 77.978   7.142 485.283
 78.078   7.132 485.304
 78.178   7.122 485.325
 78.278   7.112 485.346
 78.378   7.102 485.367
 78.478   7.093 485.388
 78.579   7.083 485.408
 78.679   7.073 485.429
 78.779   7.063 485.450
 78.879   7.054 485.470
 78.979   7.044 485.491
 79.079   7.035 485.511
 79.179   7.025 485.531
 79.279   7.015 485.552
 79.379   7.006 485.572
 79.479   6.996 485.592
 79.580   6.987 485.612
 79.680   6.977 485.632
 79.780   6.968 485.653
 79.880   6.958 485.672
 79.980   6.949 485.692
 80.080   6.940 485.712
 80.180   6.930 485.732
 80.280   6.921 485.752
 80.380   6.912 485.772
 80.480   6.902 485.791
 80.581   6.893 485.811
 80.681   6.884 485.830
 80.781   6.875 485.850
 80.881   6.866 485.869
 80.981   6.856 485.889
 81.081   6.847 485.908
 81.181   6.838 485.927
 81.281   6.829 485.947
 81.381   6.820 485.966
 81.481   6.811 485.985
 81.582   6.802 486.004
 81.682   6.793 486.023
 81.782   6.784 486.042
 81.882   6.775 486.061
 81.982   6.766 486.080
 82.082   6.757 486.099
 82.182   6.749 486.118
 82.282   6.740 486.136
 82.382   6.731 486.155
 82.482   6.722 486.174
 82.583   6.713 486.192
 82.683   6.705 486.211
 82.783   6.696 486.229
 82.883   6.687 486.248
 82.983   6.678 486.266
 83.083   6.670 486.284
 83.183   6.661 486.303
 83.283   6.652 486.321
 83.383   6.644 486.339
 83.483   6.635 486.357
 83.584   6.627 486.375
 83.684   6.618 486.393
 83.784   6.610 486.411
 83.884   6.601 486.429
 83.984   6.593 486.447
 84.084   6.584 486.465
 84.184   6.576 486.483
 84.284   6.567 486.501
 84.384   6.559 486.518
 84.484   6.551 486.536
 84.585   6.542 486.554
 84.685   6.534 486.571
 84.785   6.526 486.589
 84.885   6.517 486.606
 84.985   6.509 486.624
 85.085   6.501 486.641
 85.185   6.493 486.659
 85.285   6.485 486.676
 85.385   6.476 486.693
 85.485   6.468 486.710
 85.586   6.460 486.728
 85.686   6.452 486.745
 85.786   6.444 486.762
 85.886   6.436 486.779
 85.986   6.428 486.796
 86.086   6.420 486.813
 86.186   6.412 486.830
 86.286   6.404 486.847
 86.386   6.396 486.864
 86.486   6.388 486.880
 86.587   6.380 486.897
 86.687   6.372 486.914
 86.787   6.364 486.930
 86.887   6.356 486.947
 86.987   6.348 486.964
 87.087   6.340 486.980
 87.187   6.333 486.997
 87.287   6.325 487.013
 87.387   6.317 487.030
 87.487   6.309 487.046
 87.588   6.301 487.062
 87.688   6.294 487.079
 87.788   6.286 487.095
 87.888   6.278 487.111
 87.988   6.271 487.127
 88.088   6.263 487.143
 88.188   6.255 487.160
 88.288   6.248 487.176
 88.388   6.240 487.192
 88.488   6.233 487.208
 88.589   6.225 487.224
 88.689   6.217 487.239
 88.789   6.210 487.255
 88.889   6.202 487.271
 88.989   6.195 487.287
 89.089   6.187 487.303
 89.189   6.180 487.318
 89.289   6.173 487.334
 89.389   6.165 487.350
 89.489   6.158 487.365
 89.590   6.150 487.381
 89.690   6.143 487.396
 89.790   6.136 487.412
 89.890   6.128 487.427
 89.990   6.121 487.443
 90.090   6.114 487.458
 90.190   6.106 487.473
 90.290   6.099 487.489
 90.390   6.092 487.504
 90.490   6.085 487.519
 90.591   6.077 487.534
 90.691   6.070 487.550
 90.791   6.063 487.565
 90.891   6.056 487.580
 90.991   6.049 487.595
 91.091   6.042 487.610
 91.191   6.034 487.625
 91.291   6.027 487.640
 91.391   6.020 487.655
 91.491   6.013 487.669
 91.592   6.006 487.684
 91.692   5.999 487.699
 91.792   5.992 487.714
 91.892   5.985 487.728
 91.992   5.978 487.743
 92.092   5.971 487.758
 92.192   5.964 487.772
 92.292   5.957 487.787
 92.392   5.950 487.802
 92.492   5.944 487.816
 92.593   5.937 487.831
 92.693   5.930 487.845
 92.793   5.923 487.859
 92.893   5.916 487.874
 92.993   5.909 487.888
 93.093   5.902 487.902
 93.193   5.896 487.917
 93.293   5.889 487.931
 93.393   5.882 487.945
 93.493   5.875 487.959
 93.594   5.869 487.974
 93.694   5.862 487.988
 93.794   5.855 488.002
 93.894   5.848 488.016
 93.994   5.842 488.030
 94.094   5.835 488.044
 94.194   5.829 488.058
 94.294   5.822 488.072
 94.394   5.815 488.086
 94.494   5.809 488.099
 94.595   5.802 488.113
 94.695   5.796 488.127
 94.795   5.789 488.141
 94.895   5.782 488.154
 94.995   5.776 488.168
 95.095   5.769 488.182
 95.195   5.763 488.195
 95.295   5.756 488.209
 95.395   5.750 488.223
 95.495   5.744 488.236
 95.596   5.737 488.250
 95.696   5.731 488.263
 95.796   5.724 488.277
 95.896   5.718 488.290
 95.996   5.711 488.303
 96.096   5.705 488.317
 96.196   5.699 488.330
 96.296   5.692 488.343
 96.396   5.686 488.357
 96.496   5.680 488.370
 96.597   5.673 488.383
 96.697   5.667 488.396
 96.797   5.661 488.409
 96.897   5.655 488.423
 96.997   5.648 488.436
 97.097   5.642 488.449
 97.197   5.636 488.462
 97.297   5.630 488.475
 97.397   5.624 488.488
 97.497   5.617 488.501
 97.598   5.611 488.514
 97.698   5.605 488.527
 97.798   5.599 488.539
 97.898   5.593 488.552
 97.998   5.587 488.565
 98.098   5.581 488.578
 98.198   5.575 488.591
 98.298   5.568 488.603
 98.398   5.562 488.616
 98.498   5.556 488.629
 98.599   5.550 488.641
 98.699   5.544 488.654
 98.799   5.538 488.666
 98.899   5.532 488.679
 98.999   5.526 488.692
 99.099   5.520 488.704
 99.199   5.514 488.716
 99.299   5.508 488.729
 99.399   5.503 488.741
 99.499   5.497 488.754
 99.600   5.491 488.766
 99.700   5.485 488.778
 99.800   5.479 488.791
 99.900   5.473 488.803
100.000   5.467 488.815
