# ALPHA_1 0.002
# ALPHA_2 0.001
# BETTA_1 0.004
# BETTA_2 0.001
# GAMMA_1 0.500
# GAMMA_2 0.500
# Y0 295.000
# Z0 200.000
# X_BEG 0.000
# X_END 100.000
# XDOTS_NUM 1000
# DX 0.100
  0.000 295.000 200.000
  0.100 271.515 194.803
  0.200 252.160 190.641
  0.300 235.940 187.302
  0.400 222.156 184.628
  0.501 210.301 182.502
  0.601 199.999 180.835
  0.701 190.966 179.555
  0.801 182.982 178.608
  0.901 175.876 177.948
  1.001 169.510 177.539
  1.101 163.776 177.350
  1.201 158.583 177.357
  1.301 153.858 177.538
  1.401 149.540 177.876
  1.502 145.579 178.354
  1.602 141.930 178.960
  1.702 138.558 179.682
  1.802 135.432 180.511
  1.902 132.524 181.437
  2.002 129.812 182.452
  2.102 127.276 183.551
  2.202 124.898 184.725
  2.302 122.663 185.970
  2.402 120.556 187.281
  2.503 118.568 188.654
  2.603 116.686 190.083
  2.703 114.901 191.565
  2.803 113.206 193.097
  2.903 111.592 194.676
  3.003 110.053 196.298
  3.103 108.582 197.960
  3.203 107.175 199.661
  3.303 105.826 201.397
  3.403 104.532 203.166
  3.504 103.287 204.966
  3.604 102.088 206.795
  3.704 100.932 208.651
  3.804  99.816 210.532
  3.904  98.737 212.437
  4.004  97.693 214.363
  4.104  96.680 216.310
  4.204  95.698 218.274
  4.304  94.743 220.256
  4.404  93.815 222.254
  4.505  92.911 224.266
  4.605  92.031 226.290
  4.705  91.171 228.327
  4.805  90.333 230.373
  4.905  89.513 232.429
  5.005  88.711 234.493
  5.105  87.926 236.564
  5.205  87.157 238.641
  5.305  86.403 240.722
  5.405  85.663 242.808
  5.506  84.937 244.896
  5.606  84.223 246.986
  5.706  83.522 249.077
  5.806  82.833 251.169
  5.906  82.154 253.259
  6.006  81.486 255.348
  6.106  80.828 257.434
  6.206  80.179 259.518
  6.306  79.540 261.597
  6.406  78.909 263.672
  6.507  78.287 265.741
  6.607  77.672 267.804
  6.707  77.066 269.861
  6.807  76.467 271.911
  6.907  75.875 273.952
  7.007  75.290 275.985
  7.107  74.712 278.009
  7.207  74.141 280.024
  7.307  73.575 282.028
  7.407  73.016 284.022
  7.508  72.463 286.005
  7.608  71.916 287.977
  7.708  71.374 289.937
  7.808  70.838 291.884
  7.908  70.307 293.819
  8.008  69.782 295.741
  8.108  69.261 297.649
  8.208  68.746 299.544
  8.308  68.235 301.425
  8.408  67.730 303.292
  8.509  67.229 305.144
  8.609  66.733 306.982
  8.709  66.242 308.804
  8.809  65.755 310.611
  8.909  65.272 312.403
  9.009  64.794 314.179
  9.109  64.321 315.940
  9.209  63.851 317.685
  9.309  63.386 319.413
  9.409  62.926 321.126
  9.510  62.469 322.822
  9.610  62.016 324.502
  9.710  61.568 326.166
  9.810  61.123 327.813
  9.910  60.683 329.443
 10.010  60.247 331.057
 10.110  59.814 332.654
 10.210  59.386 334.235
 10.310  58.961 335.799
 10.410  58.540 337.346
 10.511  58.123 338.877
 10.611  57.709 340.391
 10.711  57.300 341.888
 10.811  56.894 343.369
 10.911  56.492 344.833
 11.011  56.093 346.281
 11.111  55.698 347.713
 11.211  55.307 349.128
 11.311  54.919 350.526
 11.411  54.535 351.909
 11.512  54.154 353.276
 11.612  53.777 354.626
 11.712  53.404 355.961
 11.812  53.033 357.279
 11.912  52.667 358.582
 12.012  52.303 359.870
 12.112  51.943 361.142
 12.212  51.587 362.398
 12.312  51.233 363.640
 12.412  50.883 364.866
 12.513  50.537 366.077
 12.613  50.193 367.273
 12.713  49.853 368.455
 12.813  49.516 369.622
 12.913  49.182 370.775
 13.013  48.851 371.913
 13.113  48.523 373.037
 13.213  48.199 374.147
 13.313  47.877 375.244
 13.413  47.559 376.326
 13.514  47.244 377.395
 13.614  46.931 378.451
 13.714  46.622 379.493
 13.814  46.315 380.522
 13.914  46.012 381.538
 14.014  45.711 382.541
 14.114  45.414 383.532
 14.214  45.119 384.510
 14.314  44.827 385.476
 14.414  44.537 386.430
 14.515  44.251 387.371
 14.615  43.967 388.301
 14.715  43.686 389.219
 14.815  43.408 390.125
 14.915  43.132 391.020
 15.015  42.859 391.903
 15.115  42.588 392.776
 15.215  42.321 393.637
 15.315  42.055 394.488
 15.415  41.793 395.327
 15.516  41.532 396.157
 15.616  41.275 396.975
 15.716  41.019 397.784
 15.816  40.767 398.582
 15.916  40.516 399.371
 16.016  40.268 400.149
 16.116  40.023 400.918
 16.216  39.779 401.677
 16.316  39.539 402.427
 16.416  39.300 403.167
 16.517  39.064 403.899
 16.617  38.829 404.621
 16.717  38.598 405.334
 16.817  38.368 406.039
 16.917  38.140 406.734
 17.017  37.915 407.422
 17.117  37.692 408.100
 17.217  37.471 408.771
 17.317  37.252 409.433
 17.417  37.035 410.088
 17.518  36.820 410.734
 17.618  36.607 411.373
 17.718  36.397 412.003
 17.818  36.188 412.627
 17.918  35.981 413.242
 18.018  35.776 413.851
 18.118  35.573 414.452
 18.218  35.372 415.046
 18.318  35.173 415.633
 18.418  34.975 416.213
 18.519  34.780 416.786
 18.619  34.586 417.352
 18.719  34.394 417.912
 18.819  34.204 418.465
 18.919  34.016 419.011
 19.019  33.829 419.552
 19.119  33.644 420.086
 19.219  33.461 420.614
 19.319  33.279 421.136
 19.419  33.099 421.651
 19.520  32.921 422.161
 19.620  32.744 422.665
 19.720  32.569 423.164
 19.820  32.396 423.656
 19.920  32.224 424.143
 20.020  32.054 424.625
 20.120  31.885 425.101
 20.220  31.718 425.572
 20.320  31.552 426.038
 20.420  31.388 426.498
 20.521  31.225 426.954
 20.621  31.063 427.404
 20.721  30.904 427.850
 20.821  30.745 428.290
 20.921  30.588 428.726
 21.021  30.432 429.157
 21.121  30.278 429.583
 21.221  30.125 430.005
 21.321  29.973 430.422
 21.421  29.823 430.835
 21.522  29.674 431.243
 21.622  29.526 431.647
 21.722  29.380 432.047
 21.822  29.235 432.442
 21.922  29.091 432.834
 22.022  28.948 433.221
 22.122  28.807 433.604
 22.222  28.667 433.983
 22.322  28.528 434.359
 22.422  28.390 434.730
 22.523  28.253 435.098
 22.623  28.118 435.461
 22.723  27.983 435.821
 22.823  27.850 436.178
 22.923  27.718 436.531
 23.023  27.587 436.880
 23.123  27.457 437.226
 23.223  27.328 437.568
 23.323  27.201 437.907
 23.423  27.074 438.242
 23.524  26.948 438.574
 23.624  26.824 438.903
 23.724  26.700 439.229
 23.824  26.578 439.551
 23.924  26.456 439.871
 24.024  26.336 440.187
 24.124  26.216 440.500
 24.224  26.098 440.810
 24.324  25.980 441.117
 24.424  25.863 441.422
 24.525  25.748 441.723
 24.625  25.633 442.021
 24.725  25.519 442.317
 24.825  25.406 442.610
 24.925  25.294 442.900
 25.025  25.183 443.187
 25.125  25.073 443.472
 25.225  24.963 443.754
 25.325  24.855 444.033
 25.425  24.747 444.310
 25.526  24.640 444.584
 25.626  24.534 444.856
 25.726  24.429 445.125
 25.826  24.325 445.392
 25.926  24.221 445.657
 26.026  24.118 445.919
 26.126  24.016 446.179
 26.226  23.915 446.436
 26.326  23.815 446.691
 26.426  23.715 446.944
 26.527  23.616 447.194
 26.627  23.518 447.443
 26.727  23.421 447.689
 26.827  23.324 447.933
 26.927  23.228 448.175
 27.027  23.133 448.415
 27.127  23.039 448.652
 27.227  22.945 448.888
 27.327  22.852 449.122
 27.427  22.760 449.353
 27.528  22.668 449.583
 27.628  22.577 449.811
 27.728  22.487 450.036
 27.828  22.397 450.260
 27.928  22.308 450.482
 28.028  22.220 450.702
 28.128  22.132 450.921
 28.228  22.045 451.137
 28.328  21.958 451.352
 28.428  21.873 451.565
 28.529  21.787 451.776
 28.629  21.703 451.985
 28.729  21.619 452.193
 28.829  21.535 452.399
 28.929  21.453 452.603
 29.029  21.370 452.806
 29.129  21.289 453.007
 29.229  21.208 453.206
 29.329  21.127 453.404
 29.429  21.047 453.600
 29.530  20.968 453.795
 29.630  20.889 453.988
 29.730  20.811 454.180
 29.830  20.733 454.370
 29.930  20.656 454.559
 30.030  20.580 454.746
 30.130  20.503 454.931
 30.230  20.428 455.116
 30.330  20.353 455.298
 30.430  20.278 455.480
 30.531  20.204 455.660
 30.631  20.131 455.839
 30.731  20.058 456.016
 30.831  19.985 456.192
 30.931  19.913 456.366
 31.031  19.842 456.540
 31.131  19.771 456.712
 31.231  19.700 456.882
 31.331  19.630 457.052
 31.431  19.560 457.220
 31.532  19.491 457.387
 31.632  19.422 457.552
 31.732  19.354 457.717
 31.832  19.286 457.880
 31.932  19.219 458.042
 32.032  19.152 458.203
 32.132  19.085 458.362
 32.232  19.019 458.521
 32.332  18.953 458.678
 32.432  18.888 458.834
 32.533  18.823 458.990
 32.633  18.759 459.144
 32.733  18.695 459.296
 32.833  18.632 459.448
 32.933  18.568 459.599
 33.033  18.506 459.749
 33.133  18.443 459.897
 33.233  18.381 460.045
 33.333  18.320 460.191
 33.433  18.259 460.337
 33.534  18.198 460.481
 33.634  18.137 460.625
 33.734  18.077 460.767
 33.834  18.018 460.909
 33.934  17.958 461.049
 34.034  17.899 461.189
 34.134  17.841 461.327
 34.234  17.783 461.465
 34.334  17.725 461.602
 34.434  17.667 461.737
 34.535  17.610 461.872
 34.635  17.553 462.006
 34.735  17.497 462.139
 34.835  17.441 462.272
 34.935  17.385 462.403
 35.035  17.330 462.533
 35.135  17.275 462.663
 35.235  17.220 462.791
 35.335  17.165 462.919
 35.435  17.111 463.046
 35.536  17.057 463.173
 35.636  17.004 463.298
 35.736  16.951 463.422
 35.836  16.898 463.546
 35.936  16.846 463.669
 36.036  16.793 463.791
 36.136  16.741 463.913
 36.236  16.690 464.033
 36.336  16.639 464.153
 36.436  16.588 464.272
 36.537  16.537 464.390
 36.637  16.486 464.508
 36.737  16.436 464.624
 36.837  16.387 464.740
 36.937  16.337 464.856
 37.037  16.288 464.970
 37.137  16.239 465.084
 37.237  16.190 465.197
 37.337  16.142 465.310
 37.437  16.094 465.422
 37.538  16.046 465.533
 37.638  15.998 465.643
 37.738  15.951 465.753
 37.838  15.904 465.862
 37.938  15.857 465.970
 38.038  15.810 466.078
 38.138  15.764 466.185
 38.238  15.718 466.291
 38.338  15.672 466.397
 38.438  15.627 466.502
 38.539  15.582 466.607
 38.639  15.537 466.710
 38.739  15.492 466.814
 38.839  15.447 466.916
 38.939  15.403 467.018
 39.039  15.359 467.120
 39.139  15.315 467.221
 39.239  15.272 467.321
 39.339  15.228 467.420
 39.439  15.185 467.519
 39.540  15.142 467.618
 39.640  15.100 467.716
 39.740  15.057 467.813
 39.840  15.015 467.910
 39.940  14.973 468.006
 40.040  14.932 468.102
 40.140  14.890 468.197
 40.240  14.849 468.291
 40.340  14.808 468.385
 40.440  14.767 468.479
 40.541  14.726 468.572
 40.641  14.686 468.664
 40.741  14.646 468.756
 40.841  14.606 468.847
 40.941  14.566 468.938
 41.041  14.527 469.028
 41.141  14.487 469.118
 41.241  14.448 469.208
 41.341  14.409 469.296
 41.441  14.370 469.385
 41.542  14.332 469.473
 41.642  14.293 469.560
 41.742  14.255 469.647
 41.842  14.217 469.733
 41.942  14.180 469.819
 42.042  14.142 469.904
 42.142  14.105 469.989
 42.242  14.067 470.074
 42.342  14.030 470.158
 42.442  13.994 470.242
 42.543  13.957 470.325
 42.643  13.921 470.407
 42.743  13.884 470.490
 42.843  13.848 470.571
 42.943  13.812 470.653
 43.043  13.777 470.734
 43.143  13.741 470.814
 43.243  13.706 470.894
 43.343  13.670 470.974
 43.443  13.635 471.053
 43.544  13.601 471.132
 43.644  13.566 471.210
 43.744  13.531 471.288
 43.844  13.497 471.366
 43.944  13.463 471.443
 44.044  13.429 471.520
 44.144  13.395 471.596
 44.244  13.361 471.672
 44.344  13.328 471.748
 44.444  13.295 471.823
 44.545  13.261 471.898
 44.645  13.228 471.972
 44.745  13.195 472.046
 44.845  13.163 472.120
 44.945  13.130 472.193
 45.045  13.098 472.266
 45.145  13.066 472.339
 45.245  13.033 472.411
 45.345  13.001 472.483
 45.445  12.970 472.554
 45.546  12.938 472.625
 45.646  12.907 472.696
 45.746  12.875 472.766
 45.846  12.844 472.836
 45.946  12.813 472.906
 46.046  12.782 472.975
 46.146  12.751 473.044
 46.246  12.721 473.113
 46.346  12.690 473.181
 46.446  12.660 473.249
 46.547  12.630 473.317
 46.647  12.600 473.384
 46.747  12.570 473.451
 46.847  12.540 473.518
 46.947  12.510 473.584
 47.047  12.481 473.650
 47.147  12.451 473.716
 47.247  12.422 473.781
 47.347  12.393 473.846
 47.447  12.364 473.911
 47.548  12.335 473.975
 47.648  12.306 474.039
 47.748  12.278 474.103
 47.848  12.249 474.167
 47.948  12.221 474.230
 48.048  12.193 474.293
 48.148  12.165 474.355
 48.248  12.137 474.418
 48.348  12.109 474.480
 48.448  12.081 474.542
 48.549  12.054 474.603
 48.649  12.026 474.664
 48.749  11.999 474.725
 48.849  11.971 474.786
 48.949  11.944 474.846
 49.049  11.917 474.906
 49.149  11.891 474.966
 49.249  11.864 475.025
 49.349  11.837 475.084
 49.449  11.811 475.143
 49.550  11.784 475.202
 49.650  11.758 475.260
 49.750  11.732 475.318
 49.850  11.706 475.376
 49.950  11.680 475.434
 50.050  11.654 475.491
 50.150  11.628 475.548
 50.250  11.602 475.605
 50.350  11.577 475.661
 50.450  11.552 475.718
 50.551  11.526 475.774
 50.651  11.501 475.829
 50.751  11.476 475.885
 50.851  11.451 475.940
 50.951  11.426 475.995
 51.051  11.401 476.050
 51.151  11.377 476.105
 51.251  11.352 476.159
 51.351  11.328 476.213
 51.451  11.303 476.267
 51.552  11.279 476.320
 51.652  11.255 476.374
 51.752  11.231 476.427
 51.852  11.207 476.480
 51.952  11.183 476.532
 52.052  11.159 476.585
 52.152  11.136 476.637
 52.252  11.112 476.689
 52.352  11.089 476.741
 52.452  11.065 476.792
 52.553  11.042 476.844
 52.653  11.019 476.895
 52.753  10.996 476.945
 52.853  10.973 476.996
 52.953  10.950 477.047
 53.053  10.927 477.097
 53.153  10.904 477.147
 53.253  10.882 477.197
 53.353  10.859 477.246
 53.453  10.837 477.295
 53.554  10.814 477.345
 53.654  10.792 477.394
 53.754  10.770 477.442
 53.854  10.748 477.491
 53.954  10.726 477.539
 54.054  10.704 477.587
 54.154  10.682 477.635
 54.254  10.660 477.683
 54.354  10.639 477.731
 54.454  10.617 477.778
 54.555  10.596 477.825
 54.655  10.574 477.872
 54.755  10.553 477.919
 54.855  10.532 477.965
 54.955  10.511 478.012
 55.055  10.490 478.058
 55.155  10.469 478.104
 55.255  10.448 478.150
 55.355  10.427 478.195
 55.455  10.406 478.241
 55.556  10.386 478.286
 55.656  10.365 478.331
 55.756  10.345 478.376
 55.856  10.324 478.420
 55.956  10.304 478.465
 56.056  10.284 478.509
 56.156  10.263 478.553
 56.256  10.243 478.597
 56.356  10.223 478.641
 56.456  10.203 478.685
 56.557  10.183 478.728
 56.657  10.164 478.772
 56.757  10.144 478.815
 56.857  10.124 478.858
 56.957  10.105 478.900
 57.057  10.085 478.943
 57.157  10.066 478.985
 57.257  10.046 479.028
 57.357  10.027 479.070
 57.457  10.008 479.112
 57.558   9.989 479.153
 57.658   9.970 479.195
 57.758   9.951 479.237
 57.858   9.932 479.278
 57.958   9.913 479.319
 58.058   9.894 479.360
 58.158   9.875 479.401
 58.258   9.857 479.441
 58.358   9.838 479.482
 58.458   9.820 479.522
 58.559   9.801 479.562
 58.659   9.783 479.602
 58.759   9.764 479.642
 58.859   9.746 479.682
 58.959   9.728 479.722
 59.059   9.710 479.761
 59.159   9.692 479.800
 59.259   9.674 479.839
 59.359   9.656 479.878
 59.459   9.638 479.917
 59.560   9.620 479.956
 59.660   9.603 479.994
 59.760   9.585 480.033
 59.860   9.567 480.071
 59.960   9.550 480.109
 60.060   9.532 480.147
 60.160   9.515 480.185
 60.260   9.498 480.223
 60.360   9.480 480.260
 60.460   9.463 480.297
 60.561   9.446 480.335
 60.661   9.429 480.372
 60.761   9.412 480.409
 60.861   9.395 480.446
 60.961   9.378 480.482
 61.061   9.361 480.519
 61.161   9.344 480.555
 61.261   9.327 480.592
 61.361   9.311 480.628
 61.461   9.294 480.664
 61.562   9.278 480.700
 61.662   9.261 480.736
 61.762   9.245 480.771
 61.862   9.228 480.807
 61.962   9.212 480.842
 62.062   9.196 480.877
 62.162   9.179 480.913
 62.262   9.163 480.948
 62.362   9.147 480.983
 62.462   9.131 481.017
 62.563   9.115 481.052
 62.663   9.099 481.086
 62.763   9.083 481.121
 62.863   9.067 481.155
 62.963   9.052 481.189
 63.063   9.036 481.223
 63.163   9.020 481.257
 63.263   9.004 481.291
 63.363   8.989 481.325
 63.463   8.973 481.358
 63.564   8.958 481.392
 63.664   8.943 481.425
 63.764   8.927 481.458
 63.864   8.912 481.491
 63.964   8.897 481.524
 64.064   8.881 481.557
 64.164   8.866 481.590
 64.264   8.851 481.622
 64.364   8.836 481.655
 64.464   8.821 481.687
 64.565   8.806 481.720
 64.665   8.791 481.752
 64.765   8.776 481.784
 64.865   8.761 481.816
 64.965   8.747 481.848
 65.065   8.732 481.879
 65.165   8.717 481.911
 65.265   8.703 481.942
 65.365   8.688 481.974
 65.465   8.674 482.005
 65.566   8.659 482.036
 65.666   8.645 482.067
 65.766   8.630 482.098
 65.866   8.616 482.129
 65.966   8.602 482.160
 66.066   8.587 482.191
 66.166   8.573 482.221
 66.266   8.559 482.252
 66.366   8.545 482.282
 66.466   8.531 482.312
 66.567   8.517 482.343
 66.667   8.503 482.373
 66.767   8.489 482.403
 66.867   8.475 482.432
 66.967   8.461 482.462
 67.067   8.448 482.492
 67.167   8.434 482.521
 67.267   8.420 482.551
 67.367   8.406 482.580
 67.467   8.393 482.610
 67.568   8.379 482.639
 67.668   8.366 482.668
 67.768   8.352 482.697
 67.868   8.339 482.726
 67.968   8.325 482.754
 68.068   8.312 482.783
 68.168   8.299 482.812
 68.268   8.285 482.840
 68.368   8.272 482.869
 68.468   8.259 482.897
 68.569   8.246 482.925
 68.669   8.233 482.953
 68.769   8.220 482.981
 68.869   8.207 483.009
 68.969   8.194 483.037
 69.069   8.181 483.065
 69.169   8.168 483.093
 69.269   8.155 483.120
 69.369   8.142 483.148
 69.469   8.129 483.175
 69.570   8.117 483.203
 69.670   8.104 483.230
 69.770   8.091 483.257
 69.870   8.079 483.284
 69.970   8.066 483.311
 70.070   8.053 483.338
 70.170   8.041 483.365
 70.270   8.028 483.392
 70.370   8.016 483.418
 70.470   8.004 483.445
 70.571   7.991 483.471
 70.671   7.979 483.498
 70.771   7.967 483.524
 70.871   7.954 483.550
 70.971   7.942 483.576
 71.071   7.930 483.602
 71.171   7.918 483.628
 71.271   7.906 483.654
 71.371   7.894 483.680
 71.471   7.882 483.706
 71.572   7.870 483.732
 71.672   7.858 483.757
 71.772   7.846 483.783
 71.872   7.834 483.808
 71.972   7.822 483.833
 72.072   7.810 483.859
 72.172   7.798 483.884
 72.272   7.787 483.909
 72.372   7.775 483.934
 72.472   7.763 483.959
 72.573   7.752 483.984
 72.673   7.740 484.009
 72.773   7.728 484.034
 72.873   7.717 484.058
 72.973   7.705 484.083
 73.073   7.694 484.107
 73.173   7.682 484.132
 73.273   7.671 484.156
 73.373   7.660 484.180
 73.473   7.648 484.205
 73.574   7.637 484.229
 73.674   7.626 484.253
 73.774   7.614 484.277
 73.874   7.603 484.301
 73.974   7.592 484.325
 74.074   7.581 484.348
 74.174   7.570 484.372
 74.274   7.559 484.396
 74.374   7.548 484.419
 74.474   7.537 484.443
 74.575   7.526 484.466
 74.675   7.515 484.490
 74.775   7.504 484.513
 74.875   7.493 484.536
 74.975   7.482 484.559
 75.075   7.471 484.582
 75.175   7.460 484.606
 75.275   7.449 484.628
 75.375   7.439 484.651
 75.475   7.428 484.674
 75.576   7.417 484.697
 75.676   7.407 484.720
 75.776   7.396 484.742
 75.876   7.385 484.765
 75.976   7.375 484.787
 76.076   7.364 484.810
 76.176   7.354 484.832
 76.276   7.343 484.854
 76.376   7.333 484.877
 76.476   7.323 484.899
 76.577   7.312 484.921
 76.677   7.302 484.943
 76.777   7.291 484.965
 76.877   7.281 484.987
 76.977   7.271 485.009
 77.077   7.261 485.030
 77.177   7.250 485.052
 77.277   7.240 485.074
 77.377   7.230 485.095
 77.477   7.220 485.117
 77.578   7.210 485.139
 77.678   7.200 485.160
 77.778   7.190 485.181
 77.878   7.180 485.203
 77.978   7.170 485.224
 78.078   7.160 485.245
 78.178   7.150 485.266
 78.278   7.140 485.287
 78.378   7.130 485.308
 78.478   7.120 485.329
 78.579   7.110 485.350
 78.679   7.101 485.371
 78.779   7.091 485.392
 78.879   7.081 485.412
 78.979   7.071 485.433
 79.079   7.062 485.454
 79.179   7.052 485.474
 79.279   7.042 485.495
 79.379   7.033 485.515
 79.479   7.023 485.535
 79.580   7.014 485.556
 79.680   7.004 485.576
 79.780   6.994 485.596
 79.880   6.985 485.616
 79.980   6.976 485.636
 80.080   6.966 485.656
 80.180   6.957 485.676
 80.280   6.947 485.696
 80.380   6.938 485.716
 80.480   6.929 485.736
 80.581   6.919 485.756
 80.681   6.910 485.775
 80.781   6.901 485.795
 80.881   6.891 485.815
 80.981   6.882 485.834
 81.081   6.873 485.854
 81.181   6.864 485.873
 81.281   6.855 485.893
 81.381   6.846 485.912
 81.481   6.836 485.931
 81.582   6.827 485.950
 81.682   6.818 485.970
 81.782   6.809 485.989
 81.882   6.800 486.008
 81.982   6.791 486.027
 82.082   6.782 486.046
 82.182   6.773 486.065
 82.282   6.765 486.084
 82.382   6.756 486.102
 82.482   6.747 486.121
 82.583   6.738 486.140
 82.683   6.729 486.159
 82.783   6.720 486.177
 82.883   6.712 486.196
 82.983   6.703 486.214
 83.083   6.694 486.233
 83.183   6.685 486.251
 83.283   6.677 486.270
 83.383   6.668 486.288
 83.483   6.659 486.306
 83.584   6.651 486.324
 83.684   6.642 486.343
 83.784   6.634 486.361
 83.884   6.625 486.379
 83.984   6.617 486.397
 84.084   6.608 486.415
 84.184   6.600 486.433
 84.284   6.591 486.451
 84.384   6.583 486.469
 84.484   6.574 486.486
 84.585   6.566 486.504
 84.685   6.557 486.522
 84.785   6.549 486.539
 84.885   6.541 486.557
 84.985   6.532 486.575
 85.085   6.524 486.592
 85.185   6.516 486.610
 85.285   6.508 486.627
 85.385   6.499 486.645
 85.485   6.491 486.662
 85.586   6.483 486.679
 85.686   6.475 486.697
 85.786   6.467 486.714
 85.886   6.458 486.731
 85.986   6.450 486.748
 86.086   6.442 486.765
 86.186   6.434 486.782
 86.286   6.426 486.799
 86.386   6.418 486.816
 86.486   6.410 486.833
 86.587   6.402 486.850
 86.687   6.394 486.867
 86.787   6.386 486.884
 86.887   6.378 486.900
 86.987   6.370 486.917
 87.087   6.362 486.934
 87.187   6.355 486.950
 87.287   6.347 486.967
 87.387   6.339 486.983
 87.487   6.331 487.000
 87.588   6.323 487.016
 87.688   6.315 487.033
 87.788   6.308 487.049
 87.888   6.300 487.066
 87.988   6.292 487.082
 88.088   6.285 487.098
 88.188   6.277 487.114
 88.288   6.269 487.130
 88.388   6.262 487.147
 88.488   6.254 487.163
 88.589   6.246 487.179
 88.689   6.239 487.195
 88.789   6.231 487.211
 88.889   6.224 487.227
 88.989   6.216 487.243
 89.089   6.208 487.258
 89.189   6.201 487.274
 89.289   6.193 487.290
 89.389   6.186 487.306
 89.489   6.179 487.321
 89.590   6.171 487.337
 89.690   6.164 487.353
 89.790   6.156 487.368
 89.890   6.149 487.384
 89.990   6.142 487.399
 90.090   6.134 487.415
 90.190   6.127 487.430
 90.290   6.120 487.446
 90.390   6.112 487.461
 90.490   6.105 487.476
 90.591   6.098 487.492
 90.691   6.090 487.507
 90.791   6.083 487.522
 90.891   6.076 487.537
 90.991   6.069 487.552
 91.091   6.062 487.568
 91.191   6.055 487.583
 91.291   6.047 487.598
 91.391   6.040 487.613
 91.491   6.033 487.628
 91.592   6.026 487.643
 91.692   6.019 487.657
 91.792   6.012 487.672
 91.892   6.005 487.687
 91.992   5.998 487.702
 92.092   5.991 487.717
 92.192   5.984 487.731
 92.292   5.977 487.746
 92.392   5.970 487.761
 92.492   5.963 487.775
 92.593   5.956 487.790
 92.693   5.949 487.804
 92.793   5.942 487.819
 92.893   5.935 487.833
 92.993   5.928 487.848
 93.093   5.922 487.862
 93.193   5.915 487.877
 93.293   5.908 487.891
 93.393   5.901 487.905
 93.493   5.894 487.920
 93.594   5.888 487.934
 93.694   5.881 487.948
 93.794   5.874 487.962
 93.894   5.867 487.976
 93.994   5.861 487.990
 94.094   5.854 488.004
 94.194   5.847 488.018
 94.294   5.841 488.033
 94.394   5.834 488.046
 94.494   5.827 488.060
 94.595   5.821 488.074
 94.695   5.814 488.088
 94.795   5.807 488.102
 94.895   5.801 488.116
 94.995   5.794 488.130
 95.095   5.788 488.143
 95.195   5.781 488.157
 95.295   5.775 488.171
 95.395   5.768 488.185
 95.495   5.762 488.198
 95.596   5.755 488.212
 95.696   5.749 488.225
 95.796   5.742 488.239
 95.896   5.736 488.252
 95.996   5.729 488.266
 96.096   5.723 488.279
 96.196   5.717 488.293
 96.296   5.710 488.306
 96.396   5.704 488.319
 96.496   5.698 488.333
 96.597   5.691 488.346
 96.697   5.685 488.359
 96.797   5.679 488.373
 96.897   5.672 488.386
 96.997   5.666 488.399
 97.097   5.660 488.412
 97.197   5.653 488.425
 97.297   5.647 488.438
 97.397   5.641 488.451
 97.497   5.635 488.464
 97.598   5.629 488.477
 97.698   5.622 488.490
 97.798   5.616 488.503
 97.898   5.610 488.516
 97.998   5.604 488.529
 98.098   5.598 488.542
 98.198   5.592 488.555
 98.298   5.586 488.568
 98.398   5.579 488.580
 98.498   5.573 488.593
 98.599   5.567 488.606
 98.699   5.561 488.618
 98.799   5.555 488.631
 98.899   5.549 488.644
 98.999   5.543 488.656
 99.099   5.537 488.669
 99.199   5.531 488.681
 99.299   5.525 488.694
 99.399   5.519 488.706
 99.499   5.513 488.719
 99.600   5.507 488.731
 99.700   5.501 488.744
 99.800   5.496 488.756
 99.900   5.490 488.769
100.000   5.484 488.781
