# ALPHA_1 0.002
# ALPHA_2 0.001
# BETTA_1 0.004
# BETTA_2 0.001
# GAMMA_1 0.500
# GAMMA_2 0.500
# Y0 181.000
# Z0 200.000
# X_BEG 0.000
# X_END 100.000
# XDOTS_NUM 1000
# DX 0.100
  0.000 181.000 200.000
  0.100 173.745 198.921
  0.200 167.256 198.138
  0.300 161.417 197.615
  0.400 156.135 197.320
  0.501 151.333 197.228
  0.601 146.949 197.317
  0.701 142.929 197.569
  0.801 139.230 197.968
  0.901 135.813 198.499
  1.001 132.647 199.151
  1.101 129.704 199.914
  1.201 126.960 200.777
  1.301 124.395 201.732
  1.401 121.991 202.773
  1.502 119.732 203.891
  1.602 117.604 205.083
  1.702 115.596 206.341
  1.802 113.696 207.662
  1.902 111.895 209.040
  2.002 110.185 210.471
  2.102 108.557 211.953
  2.202 107.006 213.480
  2.302 105.524 215.051
  2.402 104.107 216.661
  2.503 102.749 218.308
  2.603 101.445 219.990
  2.703 100.193 221.704
  2.803  98.987 223.448
  2.903  97.826 225.218
  3.003  96.704 227.015
  3.103  95.621 228.834
  3.203  94.573 230.676
  3.303  93.557 232.537
  3.403  92.572 234.416
  3.504  91.616 236.311
  3.604  90.687 238.222
  3.704  89.782 240.145
  3.804  88.902 242.081
  3.904  88.043 244.028
  4.004  87.206 245.984
  4.104  86.388 247.948
  4.204  85.588 249.918
  4.304  84.806 251.895
  4.404  84.041 253.876
  4.505  83.291 255.861
  4.605  82.556 257.849
  4.705  81.835 259.838
  4.805  81.128 261.828
  4.905  80.433 263.817
  5.005  79.750 265.805
  5.105  79.079 267.792
  5.205  78.418 269.775
  5.305  77.768 271.755
  5.405  77.128 273.730
  5.506  76.498 275.701
  5.606  75.877 277.666
  5.706  75.265 279.624
  5.806  74.661 281.576
  5.906  74.066 283.519
  6.006  73.478 285.455
  6.106  72.898 287.382
  6.206  72.326 289.299
  6.306  71.760 291.207
  6.406  71.201 293.105
  6.507  70.649 294.991
  6.607  70.104 296.867
  6.707  69.565 298.731
  6.807  69.032 300.583
  6.907  68.504 302.423
  7.007  67.983 304.250
  7.107  67.468 306.064
  7.207  66.957 307.865
  7.307  66.453 309.653
  7.407  65.953 311.426
  7.508  65.459 313.186
  7.608  64.970 314.931
  7.708  64.486 316.661
  7.808  64.007 318.377
  7.908  63.533 320.078
  8.008  63.063 321.764
  8.108  62.598 323.435
  8.208  62.138 325.090
  8.308  61.682 326.730
  8.408  61.231 328.355
  8.509  60.784 329.963
  8.609  60.341 331.557
  8.709  59.903 333.134
  8.809  59.469 334.695
  8.909  59.039 336.241
  9.009  58.613 337.770
  9.109  58.191 339.284
  9.209  57.774 340.782
  9.309  57.360 342.263
  9.409  56.950 343.729
  9.510  56.544 345.179
  9.610  56.142 346.613
  9.710  55.744 348.031
  9.810  55.350 349.433
  9.910  54.959 350.820
 10.010  54.573 352.191
 10.110  54.189 353.546
 10.210  53.810 354.886
 10.310  53.434 356.210
 10.410  53.062 357.519
 10.511  52.693 358.813
 10.611  52.328 360.091
 10.711  51.966 361.354
 10.811  51.607 362.602
 10.911  51.253 363.836
 11.011  50.901 365.054
 11.111  50.553 366.258
 11.211  50.208 367.447
 11.311  49.867 368.622
 11.411  49.528 369.783
 11.512  49.193 370.929
 11.612  48.862 372.061
 11.712  48.533 373.180
 11.812  48.207 374.284
 11.912  47.885 375.375
 12.012  47.566 376.453
 12.112  47.250 377.517
 12.212  46.937 378.568
 12.312  46.627 379.606
 12.412  46.320 380.630
 12.513  46.016 381.642
 12.613  45.714 382.642
 12.713  45.416 383.629
 12.813  45.121 384.603
 12.913  44.828 385.566
 13.013  44.538 386.516
 13.113  44.251 387.454
 13.213  43.967 388.381
 13.313  43.686 389.296
 13.413  43.407 390.200
 13.514  43.131 391.092
 13.614  42.858 391.973
 13.714  42.587 392.843
 13.814  42.319 393.702
 13.914  42.054 394.550
 14.014  41.791 395.388
 14.114  41.530 396.215
 14.214  41.272 397.032
 14.314  41.017 397.838
 14.414  40.764 398.635
 14.515  40.514 399.421
 14.615  40.265 400.198
 14.715  40.020 400.965
 14.815  39.776 401.723
 14.915  39.535 402.471
 15.015  39.297 403.210
 15.115  39.060 403.940
 15.215  38.826 404.661
 15.315  38.594 405.373
 15.415  38.364 406.076
 15.516  38.137 406.771
 15.616  37.911 407.457
 15.716  37.688 408.135
 15.816  37.467 408.805
 15.916  37.248 409.466
 16.016  37.031 410.119
 16.116  36.816 410.765
 16.216  36.603 411.402
 16.316  36.393 412.032
 16.416  36.184 412.655
 16.517  35.977 413.270
 16.617  35.772 413.877
 16.717  35.569 414.478
 16.817  35.368 415.071
 16.917  35.169 415.657
 17.017  34.971 416.237
 17.117  34.776 416.809
 17.217  34.582 417.375
 17.317  34.390 417.934
 17.417  34.200 418.487
 17.518  34.011 419.033
 17.618  33.825 419.572
 17.718  33.640 420.106
 17.818  33.457 420.633
 17.918  33.275 421.155
 18.018  33.095 421.670
 18.118  32.917 422.180
 18.218  32.740 422.683
 18.318  32.565 423.181
 18.418  32.392 423.674
 18.519  32.220 424.160
 18.619  32.050 424.642
 18.719  31.881 425.117
 18.819  31.714 425.588
 18.919  31.548 426.053
 19.019  31.384 426.514
 19.119  31.221 426.969
 19.219  31.060 427.419
 19.319  30.900 427.864
 19.419  30.741 428.304
 19.520  30.584 428.740
 19.620  30.429 429.170
 19.720  30.274 429.597
 19.820  30.121 430.018
 19.920  29.970 430.435
 20.020  29.819 430.848
 20.120  29.670 431.256
 20.220  29.523 431.659
 20.320  29.376 432.059
 20.420  29.231 432.454
 20.521  29.087 432.845
 20.621  28.945 433.232
 20.721  28.803 433.615
 20.821  28.663 433.994
 20.921  28.524 434.370
 21.021  28.386 434.741
 21.121  28.250 435.108
 21.221  28.114 435.472
 21.321  27.980 435.832
 21.421  27.847 436.188
 21.522  27.715 436.541
 21.622  27.584 436.890
 21.722  27.454 437.235
 21.822  27.325 437.578
 21.922  27.198 437.916
 22.022  27.071 438.252
 22.122  26.945 438.584
 22.222  26.821 438.912
 22.322  26.697 439.238
 22.422  26.575 439.560
 22.523  26.453 439.880
 22.623  26.333 440.196
 22.723  26.213 440.509
 22.823  26.095 440.819
 22.923  25.977 441.126
 23.023  25.861 441.430
 23.123  25.745 441.731
 23.223  25.630 442.029
 23.323  25.516 442.325
 23.423  25.403 442.618
 23.524  25.291 442.908
 23.624  25.180 443.195
 23.724  25.070 443.479
 23.824  24.961 443.761
 23.924  24.852 444.041
 24.024  24.744 444.317
 24.124  24.638 444.592
 24.224  24.532 444.863
 24.324  24.426 445.133
 24.424  24.322 445.399
 24.525  24.219 445.664
 24.625  24.116 445.926
 24.725  24.014 446.185
 24.825  23.913 446.443
 24.925  23.812 446.698
 25.025  23.713 446.950
 25.125  23.614 447.201
 25.225  23.516 447.449
 25.325  23.418 447.695
 25.425  23.322 447.939
 25.526  23.226 448.181
 25.626  23.131 448.421
 25.726  23.036 448.658
 25.826  22.943 448.894
 25.926  22.850 449.128
 26.026  22.757 449.359
 26.126  22.666 449.589
 26.226  22.575 449.816
 26.326  22.484 450.042
 26.426  22.395 450.266
 26.527  22.306 450.488
 26.627  22.217 450.708
 26.727  22.130 450.926
 26.827  22.043 451.143
 26.927  21.956 451.357
 27.027  21.870 451.570
 27.127  21.785 451.781
 27.227  21.701 451.991
 27.327  21.617 452.198
 27.427  21.533 452.404
 27.528  21.450 452.608
 27.628  21.368 452.811
 27.728  21.287 453.012
 27.828  21.206 453.211
 27.928  21.125 453.409
 28.028  21.045 453.605
 28.128  20.966 453.800
 28.228  20.887 453.993
 28.328  20.809 454.185
 28.428  20.731 454.375
 28.529  20.654 454.563
 28.629  20.578 454.751
 28.729  20.502 454.936
 28.829  20.426 455.120
 28.929  20.351 455.303
 29.029  20.276 455.485
 29.129  20.202 455.664
 29.229  20.129 455.843
 29.329  20.056 456.020
 29.429  19.983 456.196
 29.530  19.911 456.371
 29.630  19.840 456.544
 29.730  19.769 456.716
 29.830  19.698 456.887
 29.930  19.628 457.056
 30.030  19.558 457.224
 30.130  19.489 457.391
 30.230  19.420 457.557
 30.330  19.352 457.721
 30.430  19.284 457.884
 30.531  19.217 458.046
 30.631  19.150 458.207
 30.731  19.084 458.367
 30.831  19.017 458.525
 30.931  18.952 458.682
 31.031  18.887 458.838
 31.131  18.822 458.994
 31.231  18.757 459.148
 31.331  18.693 459.300
 31.431  18.630 459.452
 31.532  18.567 459.603
 31.632  18.504 459.752
 31.732  18.442 459.901
 31.832  18.380 460.049
 31.932  18.318 460.195
 32.032  18.257 460.340
 32.132  18.196 460.485
 32.232  18.136 460.628
 32.332  18.076 460.771
 32.432  18.016 460.912
 32.533  17.957 461.053
 32.633  17.898 461.192
 32.733  17.839 461.331
 32.833  17.781 461.468
 32.933  17.723 461.605
 33.033  17.666 461.741
 33.133  17.609 461.876
 33.233  17.552 462.010
 33.333  17.495 462.143
 33.433  17.439 462.275
 33.534  17.384 462.406
 33.634  17.328 462.537
 33.734  17.273 462.666
 33.834  17.218 462.795
 33.934  17.164 462.923
 34.034  17.110 463.050
 34.134  17.056 463.176
 34.234  17.003 463.301
 34.334  16.950 463.426
 34.434  16.897 463.549
 34.535  16.844 463.672
 34.635  16.792 463.794
 34.735  16.740 463.916
 34.835  16.689 464.036
 34.935  16.637 464.156
 35.035  16.586 464.275
 35.135  16.536 464.393
 35.235  16.485 464.511
 35.335  16.435 464.627
 35.435  16.385 464.743
 35.536  16.336 464.859
 35.636  16.286 464.973
 35.736  16.238 465.087
 35.836  16.189 465.200
 35.936  16.140 465.313
 36.036  16.092 465.424
 36.136  16.044 465.536
 36.236  15.997 465.646
 36.336  15.950 465.756
 36.436  15.902 465.865
 36.537  15.856 465.973
 36.637  15.809 466.081
 36.737  15.763 466.188
 36.837  15.717 466.294
 36.937  15.671 466.400
 37.037  15.626 466.505
 37.137  15.580 466.609
 37.237  15.535 466.713
 37.337  15.491 466.816
 37.437  15.446 466.919
 37.538  15.402 467.021
 37.638  15.358 467.122
 37.738  15.314 467.223
 37.838  15.271 467.323
 37.938  15.227 467.423
 38.038  15.184 467.522
 38.138  15.141 467.620
 38.238  15.099 467.718
 38.338  15.056 467.816
 38.438  15.014 467.912
 38.539  14.972 468.008
 38.639  14.931 468.104
 38.739  14.889 468.199
 38.839  14.848 468.294
 38.939  14.807 468.388
 39.039  14.766 468.481
 39.139  14.725 468.574
 39.239  14.685 468.666
 39.339  14.645 468.758
 39.439  14.605 468.850
 39.540  14.565 468.940
 39.640  14.526 469.031
 39.740  14.486 469.121
 39.840  14.447 469.210
 39.940  14.408 469.299
 40.040  14.369 469.387
 40.140  14.331 469.475
 40.240  14.292 469.562
 40.340  14.254 469.649
 40.440  14.216 469.735
 40.541  14.179 469.821
 40.641  14.141 469.907
 40.741  14.104 469.992
 40.841  14.067 470.076
 40.941  14.030 470.160
 41.041  13.993 470.244
 41.141  13.956 470.327
 41.241  13.920 470.410
 41.341  13.883 470.492
 41.441  13.847 470.574
 41.542  13.811 470.655
 41.642  13.776 470.736
 41.742  13.740 470.816
 41.842  13.705 470.896
 41.942  13.670 470.976
 42.042  13.635 471.055
 42.142  13.600 471.134
 42.242  13.565 471.212
 42.342  13.531 471.290
 42.442  13.496 471.368
 42.543  13.462 471.445
 42.643  13.428 471.522
 42.743  13.394 471.598
 42.843  13.361 471.674
 42.943  13.327 471.750
 43.043  13.294 471.825
 43.143  13.260 471.900
 43.243  13.227 471.974
 43.343  13.195 472.048
 43.443  13.162 472.122
 43.544  13.129 472.195
 43.644  13.097 472.268
 43.744  13.065 472.341
 43.844  13.033 472.413
 43.944  13.001 472.485
 44.044  12.969 472.556
 44.144  12.937 472.627
 44.244  12.906 472.698
 44.344  12.874 472.768
 44.444  12.843 472.838
 44.545  12.812 472.908
 44.645  12.781 472.977
 44.745  12.750 473.046
 44.845  12.720 473.115
 44.945  12.689 473.183
 45.045  12.659 473.251
 45.145  12.629 473.319
 45.245  12.599 473.386
 45.345  12.569 473.453
 45.445  12.539 473.519
 45.546  12.509 473.586
 45.646  12.480 473.652
 45.746  12.450 473.717
 45.846  12.421 473.783
 45.946  12.392 473.848
 46.046  12.363 473.913
 46.146  12.334 473.977
 46.246  12.306 474.041
 46.346  12.277 474.105
 46.446  12.249 474.168
 46.547  12.220 474.232
 46.647  12.192 474.294
 46.747  12.164 474.357
 46.847  12.136 474.419
 46.947  12.108 474.481
 47.047  12.080 474.543
 47.147  12.053 474.605
 47.247  12.025 474.666
 47.347  11.998 474.726
 47.447  11.971 474.787
 47.548  11.944 474.847
 47.648  11.917 474.907
 47.748  11.890 474.967
 47.848  11.863 475.027
 47.948  11.836 475.086
 48.048  11.810 475.145
 48.148  11.784 475.203
 48.248  11.757 475.262
 48.348  11.731 475.320
 48.448  11.705 475.378
 48.549  11.679 475.435
 48.649  11.653 475.492
 48.749  11.627 475.549
 48.849  11.602 475.606
 48.949  11.576 475.663
 49.049  11.551 475.719
 49.149  11.526 475.775
 49.249  11.500 475.831
 49.349  11.475 475.886
 49.449  11.450 475.942
 49.550  11.426 475.997
 49.650  11.401 476.051
 49.750  11.376 476.106
 49.850  11.352 476.160
 49.950  11.327 476.214
 50.050  11.303 476.268
 50.150  11.278 476.322
 50.250  11.254 476.375
 50.350  11.230 476.428
 50.450  11.206 476.481
 50.551  11.182 476.534
 50.651  11.159 476.586
 50.751  11.135 476.638
 50.851  11.112 476.690
 50.951  11.088 476.742
 51.051  11.065 476.794
 51.151  11.041 476.845
 51.251  11.018 476.896
 51.351  10.995 476.947
 51.451  10.972 476.997
 51.552  10.949 477.048
 51.652  10.926 477.098
 51.752  10.904 477.148
 51.852  10.881 477.198
 51.952  10.859 477.247
 52.052  10.836 477.297
 52.152  10.814 477.346
 52.252  10.792 477.395
 52.352  10.769 477.444
 52.452  10.747 477.492
 52.553  10.725 477.540
 52.653  10.703 477.589
 52.753  10.682 477.636
 52.853  10.660 477.684
 52.953  10.638 477.732
 53.053  10.617 477.779
 53.153  10.595 477.826
 53.253  10.574 477.873
 53.353  10.553 477.920
 53.453  10.531 477.966
 53.554  10.510 478.013
 53.654  10.489 478.059
 53.754  10.468 478.105
 53.854  10.447 478.151
 53.954  10.426 478.196
 54.054  10.406 478.242
 54.154  10.385 478.287
 54.254  10.364 478.332
 54.354  10.344 478.377
 54.454  10.324 478.422
 54.555  10.303 478.466
 54.655  10.283 478.510
 54.755  10.263 478.555
 54.855  10.243 478.599
 54.955  10.223 478.642
 55.055  10.203 478.686
 55.155  10.183 478.729
 55.255  10.163 478.773
 55.355  10.143 478.816
 55.455  10.124 478.859
 55.556  10.104 478.901
 55.656  10.085 478.944
 55.756  10.065 478.987
 55.856  10.046 479.029
 55.956  10.027 479.071
 56.056  10.007 479.113
 56.156   9.988 479.155
 56.256   9.969 479.196
 56.356   9.950 479.238
 56.456   9.931 479.279
 56.557   9.912 479.320
 56.657   9.894 479.361
 56.757   9.875 479.402
 56.857   9.856 479.442
 56.957   9.838 479.483
 57.057   9.819 479.523
 57.157   9.801 479.563
 57.257   9.782 479.603
 57.357   9.764 479.643
 57.457   9.746 479.683
 57.558   9.728 479.723
 57.658   9.709 479.762
 57.758   9.691 479.801
 57.858   9.673 479.840
 57.958   9.655 479.879
 58.058   9.638 479.918
 58.158   9.620 479.957
 58.258   9.602 479.995
 58.358   9.584 480.034
 58.458   9.567 480.072
 58.559   9.549 480.110
 58.659   9.532 480.148
 58.759   9.514 480.186
 58.859   9.497 480.224
 58.959   9.480 480.261
 59.059   9.463 480.298
 59.159   9.445 480.336
 59.259   9.428 480.373
 59.359   9.411 480.410
 59.459   9.394 480.447
 59.560   9.377 480.483
 59.660   9.361 480.520
 59.760   9.344 480.556
 59.860   9.327 480.593
 59.960   9.310 480.629
 60.060   9.294 480.665
 60.160   9.277 480.701
 60.260   9.261 480.737
 60.360   9.244 480.772
 60.460   9.228 480.808
 60.561   9.211 480.843
 60.661   9.195 480.878
 60.761   9.179 480.914
 60.861   9.163 480.949
 60.961   9.147 480.983
 61.061   9.131 481.018
 61.161   9.115 481.053
 61.261   9.099 481.087
 61.361   9.083 481.122
 61.461   9.067 481.156
 61.562   9.051 481.190
 61.662   9.035 481.224
 61.762   9.020 481.258
 61.862   9.004 481.292
 61.962   8.989 481.325
 62.062   8.973 481.359
 62.162   8.958 481.392
 62.262   8.942 481.426
 62.362   8.927 481.459
 62.462   8.911 481.492
 62.563   8.896 481.525
 62.663   8.881 481.558
 62.763   8.866 481.591
 62.863   8.851 481.623
 62.963   8.836 481.656
 63.063   8.821 481.688
 63.163   8.806 481.720
 63.263   8.791 481.753
 63.363   8.776 481.785
 63.463   8.761 481.817
 63.564   8.746 481.848
 63.664   8.732 481.880
 63.764   8.717 481.912
 63.864   8.702 481.943
 63.964   8.688 481.975
 64.064   8.673 482.006
 64.164   8.659 482.037
 64.264   8.644 482.068
 64.364   8.630 482.099
 64.464   8.616 482.130
 64.565   8.601 482.161
 64.665   8.587 482.192
 64.765   8.573 482.222
 64.865   8.559 482.253
 64.965   8.545 482.283
 65.065   8.531 482.313
 65.165   8.517 482.343
 65.265   8.503 482.373
 65.365   8.489 482.403
 65.465   8.475 482.433
 65.566   8.461 482.463
 65.666   8.447 482.493
 65.766   8.433 482.522
 65.866   8.420 482.552
 65.966   8.406 482.581
 66.066   8.392 482.610
 66.166   8.379 482.639
 66.266   8.365 482.668
 66.366   8.352 482.697
 66.466   8.338 482.726
 66.567   8.325 482.755
 66.667   8.312 482.784
 66.767   8.298 482.812
 66.867   8.285 482.841
 66.967   8.272 482.869
 67.067   8.259 482.898
 67.167   8.246 482.926
 67.267   8.232 482.954
 67.367   8.219 482.982
 67.467   8.206 483.010
 67.568   8.193 483.038
 67.668   8.180 483.066
 67.768   8.167 483.093
 67.868   8.155 483.121
 67.968   8.142 483.149
 68.068   8.129 483.176
 68.168   8.116 483.203
 68.268   8.104 483.231
 68.368   8.091 483.258
 68.468   8.078 483.285
 68.569   8.066 483.312
 68.669   8.053 483.339
 68.769   8.041 483.365
 68.869   8.028 483.392
 68.969   8.016 483.419
 69.069   8.003 483.445
 69.169   7.991 483.472
 69.269   7.979 483.498
 69.369   7.966 483.525
 69.469   7.954 483.551
 69.570   7.942 483.577
 69.670   7.930 483.603
 69.770   7.917 483.629
 69.870   7.905 483.655
 69.970   7.893 483.681
 70.070   7.881 483.707
 70.170   7.869 483.732
 70.270   7.857 483.758
 70.370   7.845 483.783
 70.470   7.833 483.809
 70.571   7.822 483.834
 70.671   7.810 483.859
 70.771   7.798 483.885
 70.871   7.786 483.910
 70.971   7.775 483.935
 71.071   7.763 483.960
 71.171   7.751 483.985
 71.271   7.740 484.009
 71.371   7.728 484.034
 71.471   7.716 484.059
 71.572   7.705 484.083
 71.672   7.693 484.108
 71.772   7.682 484.132
 71.872   7.671 484.157
 71.972   7.659 484.181
 72.072   7.648 484.205
 72.172   7.637 484.229
 72.272   7.625 484.253
 72.372   7.614 484.277
 72.472   7.603 484.301
 72.573   7.592 484.325
 72.673   7.581 484.349
 72.773   7.569 484.373
 72.873   7.558 484.396
 72.973   7.547 484.420
 73.073   7.536 484.443
 73.173   7.525 484.467
 73.273   7.514 484.490
 73.373   7.503 484.514
 73.473   7.492 484.537
 73.574   7.482 484.560
 73.674   7.471 484.583
 73.774   7.460 484.606
 73.874   7.449 484.629
 73.974   7.438 484.652
 74.074   7.428 484.675
 74.174   7.417 484.698
 74.274   7.406 484.720
 74.374   7.396 484.743
 74.474   7.385 484.765
 74.575   7.375 484.788
 74.675   7.364 484.810
 74.775   7.354 484.833
 74.875   7.343 484.855
 74.975   7.333 484.877
 75.075   7.322 484.899
 75.175   7.312 484.921
 75.275   7.302 484.944
 75.375   7.291 484.965
 75.475   7.281 484.987
 75.576   7.271 485.009
 75.676   7.260 485.031
 75.776   7.250 485.053
 75.876   7.240 485.074
 75.976   7.230 485.096
 76.076   7.220 485.118
 76.176   7.210 485.139
 76.276   7.200 485.160
 76.376   7.190 485.182
 76.476   7.179 485.203
 76.577   7.169 485.224
 76.677   7.160 485.246
 76.777   7.150 485.267
 76.877   7.140 485.288
 76.977   7.130 485.309
 77.077   7.120 485.330
 77.177   7.110 485.351
 77.277   7.100 485.371
 77.377   7.091 485.392
 77.477   7.081 485.413
 77.578   7.071 485.434
 77.678   7.061 485.454
 77.778   7.052 485.475
 77.878   7.042 485.495
 77.978   7.032 485.516
 78.078   7.023 485.536
 78.178   7.013 485.556
 78.278   7.004 485.576
 78.378   6.994 485.597
 78.478   6.985 485.617
 78.579   6.975 485.637
 78.679   6.966 485.657
 78.779   6.956 485.677
 78.879   6.947 485.697
 78.979   6.938 485.717
 79.079   6.928 485.736
 79.179   6.919 485.756
 79.279   6.910 485.776
 79.379   6.900 485.796
 79.479   6.891 485.815
 79.580   6.882 485.835
 79.680   6.873 485.854
 79.780   6.864 485.874
 79.880   6.854 485.893
 79.980   6.845 485.912
 80.080   6.836 485.932
 80.180   6.827 485.951
 80.280   6.818 485.970
 80.380   6.809 485.989
 80.480   6.800 486.008
 80.581   6.791 486.027
 80.681   6.782 486.046
 80.781   6.773 486.065
 80.881   6.764 486.084
 80.981   6.755 486.103
 81.081   6.747 486.122
 81.181   6.738 486.140
 81.281   6.729 486.159
 81.381   6.720 486.178
 81.481   6.711 486.196
 81.582   6.703 486.215
 81.682   6.694 486.233
 81.782   6.685 486.252
 81.882   6.676 486.270
 81.982   6.668 486.288
 82.082   6.659 486.307
 82.182   6.651 486.325
 82.282   6.642 486.343
 82.382   6.633 486.361
 82.482   6.625 486.379
 82.583   6.616 486.397
 82.683   6.608 486.415
 82.783   6.599 486.433
 82.883   6.591 486.451
 82.983   6.582 486.469
 83.083   6.574 486.487
 83.183   6.566 486.505
 83.283   6.557 486.522
 83.383   6.549 486.540
 83.483   6.541 486.558
 83.584   6.532 486.575
 83.684   6.524 486.593
 83.784   6.516 486.610
 83.884   6.507 486.628
 83.984   6.499 486.645
 84.084   6.491 486.662
 84.184   6.483 486.680
 84.284   6.475 486.697
 84.384   6.466 486.714
 84.484   6.458 486.731
 84.585   6.450 486.748
 84.685   6.442 486.766
 84.785   6.434 486.783
 84.885   6.426 486.800
 84.985   6.418 486.817
 85.085   6.410 486.834
 85.185   6.402 486.850
 85.285   6.394 486.867
 85.385   6.386 486.884
 85.485   6.378 486.901
 85.586   6.370 486.917
 85.686   6.362 486.934
 85.786   6.354 486.951
 85.886   6.346 486.967
 85.986   6.339 486.984
 86.086   6.331 487.000
 86.186   6.323 487.017
 86.286   6.315 487.033
 86.386   6.307 487.050
 86.486   6.300 487.066
 86.587   6.292 487.082
 86.687   6.284 487.098
 86.787   6.277 487.115
 86.887   6.269 487.131
 86.987   6.261 487.147
 87.087   6.254 487.163
 87.187   6.246 487.179
 87.287   6.238 487.195
 87.387   6.231 487.211
 87.487   6.223 487.227
 87.588   6.216 487.243
 87.688   6.208 487.259
 87.788   6.201 487.275
 87.888   6.193 487.290
 87.988   6.186 487.306
 88.088   6.178 487.322
 88.188   6.171 487.337
 88.288   6.163 487.353
 88.388   6.156 487.369
 88.488   6.149 487.384
 88.589   6.141 487.400
 88.689   6.134 487.415
 88.789   6.127 487.431
 88.889   6.119 487.446
 88.989   6.112 487.461
 89.089   6.105 487.477
 89.189   6.098 487.492
 89.289   6.090 487.507
 89.389   6.083 487.523
 89.489   6.076 487.538
 89.590   6.069 487.553
 89.690   6.061 487.568
 89.790   6.054 487.583
 89.890   6.047 487.598
 89.990   6.040 487.613
 90.090   6.033 487.628
 90.190   6.026 487.643
 90.290   6.019 487.658
 90.390   6.012 487.673
 90.490   6.005 487.687
 90.591   5.998 487.702
 90.691   5.991 487.717
 90.791   5.984 487.732
 90.891   5.977 487.746
 90.991   5.970 487.761
 91.091   5.963 487.776
 91.191   5.956 487.790
 91.291   5.949 487.805
 91.391   5.942 487.819
 91.491   5.935 487.834
 91.592   5.928 487.848
 91.692   5.921 487.863
 91.792   5.915 487.877
 91.892   5.908 487.891
 91.992   5.901 487.906
 92.092   5.894 487.920
 92.192   5.887 487.934
 92.292   5.881 487.948
 92.392   5.874 487.962
 92.492   5.867 487.977
 92.593   5.860 487.991
 92.693   5.854 488.005
 92.793   5.847 488.019
 92.893   5.840 488.033
 92.993   5.834 488.047
 93.093   5.827 488.061
 93.193   5.820 488.075
 93.293   5.814 488.089
 93.393   5.807 488.102
 93.493   5.801 488.116
 93.594   5.794 488.130
 93.694   5.788 488.144
 93.794   5.781 488.158
 93.894   5.774 488.171
 93.994   5.768 488.185
 94.094   5.761 488.198
 94.194   5.755 488.212
 94.294   5.749 488.226
 94.394   5.742 488.239
 94.494   5.736 488.253
 94.595   5.729 488.266
 94.695   5.723 488.280
 94.795   5.716 488.293
 94.895   5.710 488.306
 94.995   5.704 488.320
 95.095   5.697 488.333
 95.195   5.691 488.346
 95.295   5.685 488.360
 95.395   5.678 488.373
 95.495   5.672 488.386
 95.596   5.666 488.399
 95.696   5.660 488.412
 95.796   5.653 488.425
 95.896   5.647 488.439
 95.996   5.641 488.452
 96.096   5.635 488.465
 96.196   5.628 488.478
 96.296   5.622 488.491
 96.396   5.616 488.504
 96.496   5.610 488.516
 96.597   5.604 488.529
 96.697   5.598 488.542
 96.797   5.591 488.555
 96.897   5.585 488.568
 96.997   5.579 488.581
 97.097   5.573 488.593
 97.197   5.567 488.606
 97.297   5.561 488.619
 97.397   5.555 488.631
 97.497   5.549 488.644
 97.598   5.543 488.657
 97.698   5.537 488.669
 97.798   5.531 488.682
 97.898   5.525 488.694
 97.998   5.519 488.707
 98.098   5.513 488.719
 98.198   5.507 488.732
 98.298   5.501 488.744
 98.398   5.495 488.756
 98.498   5.489 488.769
 98.599   5.484 488.781
 98.699   5.478 488.793
 98.799   5.472 488.806
 98.899   5.466 488.818
 98.999   5.460 488.830
 99.099   5.454 488.842
 99.199   5.448 488.855
 99.299   5.443 488.867
 99.399   5.437 488.879
 99.499   5.431 488.891
 99.600   5.425 488.903
 99.700   5.420 488.915
 99.800   5.414 488.927
 99.900   5.408 488.939
100.000   5.402 488.951
