# ALPHA_1 0.002
# ALPHA_2 0.001
# BETTA_1 0.004
# BETTA_2 0.001
# GAMMA_1 0.500
# GAMMA_2 0.500
# Y0 187.000
# Z0 200.000
# X_BEG 0.000
# X_END 100.000
# XDOTS_NUM 1000
# DX 0.100
  0.000 187.000 200.000
  0.100 179.100 198.698
  0.200 172.066 197.721
  0.300 165.764 197.028
  0.400 160.084 196.584
  0.501 154.939 196.360
  0.601 150.257 196.332
  0.701 145.976 196.478
  0.801 142.047 196.781
  0.901 138.428 197.227
  1.001 135.082 197.800
  1.101 131.979 198.492
  1.201 129.092 199.289
  1.301 126.398 200.185
  1.401 123.878 201.171
  1.502 121.515 202.240
  1.602 119.293 203.385
  1.702 117.199 204.601
  1.802 115.221 205.882
  1.902 113.349 207.224
  2.002 111.573 208.622
  2.102 109.886 210.073
  2.202 108.279 211.572
  2.302 106.747 213.116
  2.402 105.283 214.702
  2.503 103.882 216.327
  2.603 102.539 217.988
  2.703 101.250 219.684
  2.803 100.011 221.410
  2.903  98.817 223.166
  3.003  97.667 224.948
  3.103  96.556 226.755
  3.203  95.482 228.585
  3.303  94.442 230.436
  3.403  93.435 232.306
  3.504  92.458 234.194
  3.604  91.509 236.098
  3.704  90.586 238.017
  3.804  89.688 239.949
  3.904  88.814 241.892
  4.004  87.961 243.846
  4.104  87.128 245.808
  4.204  86.315 247.779
  4.304  85.520 249.756
  4.404  84.742 251.739
  4.505  83.981 253.726
  4.605  83.235 255.716
  4.705  82.503 257.709
  4.805  81.786 259.703
  4.905  81.081 261.698
  5.005  80.389 263.692
  5.105  79.709 265.685
  5.205  79.040 267.676
  5.305  78.382 269.664
  5.405  77.735 271.647
  5.506  77.097 273.627
  5.606  76.469 275.601
  5.706  75.849 277.570
  5.806  75.239 279.532
  5.906  74.637 281.486
  6.006  74.043 283.433
  6.106  73.457 285.372
  6.206  72.878 287.302
  6.306  72.307 289.222
  6.406  71.742 291.133
  6.507  71.185 293.033
  6.607  70.634 294.922
  6.707  70.090 296.800
  6.807  69.551 298.667
  6.907  69.019 300.521
  7.007  68.493 302.363
  7.107  67.972 304.192
  7.207  67.457 306.009
  7.307  66.948 307.811
  7.407  66.444 309.601
  7.508  65.945 311.376
  7.608  65.452 313.137
  7.708  64.963 314.884
  7.808  64.480 316.616
  7.908  64.001 318.334
  8.008  63.527 320.036
  8.108  63.058 321.724
  8.208  62.594 323.396
  8.308  62.134 325.053
  8.408  61.678 326.694
  8.509  61.227 328.319
  8.609  60.781 329.929
  8.709  60.338 331.524
  8.809  59.900 333.102
  8.909  59.466 334.664
  9.009  59.037 336.211
  9.109  58.611 337.741
  9.209  58.190 339.256
  9.309  57.772 340.755
  9.409  57.359 342.237
  9.510  56.949 343.704
  9.610  56.544 345.155
  9.710  56.142 346.589
  9.810  55.744 348.008
  9.910  55.350 349.411
 10.010  54.959 350.799
 10.110  54.572 352.170
 10.210  54.189 353.526
 10.310  53.810 354.867
 10.410  53.434 356.191
 10.511  53.062 357.501
 10.611  52.693 358.795
 10.711  52.328 360.074
 10.811  51.966 361.337
 10.911  51.608 362.586
 11.011  51.253 363.820
 11.111  50.902 365.039
 11.211  50.554 366.243
 11.311  50.209 367.433
 11.411  49.867 368.608
 11.512  49.529 369.769
 11.612  49.194 370.916
 11.712  48.862 372.049
 11.812  48.534 373.167
 11.912  48.208 374.272
 12.012  47.886 375.364
 12.112  47.567 376.441
 12.212  47.251 377.506
 12.312  46.938 378.557
 12.412  46.628 379.595
 12.513  46.321 380.620
 12.613  46.017 381.633
 12.713  45.715 382.632
 12.813  45.417 383.619
 12.913  45.122 384.594
 13.013  44.829 385.557
 13.113  44.540 386.507
 13.213  44.253 387.446
 13.313  43.969 388.373
 13.413  43.687 389.288
 13.514  43.408 390.192
 13.614  43.132 391.084
 13.714  42.859 391.965
 13.814  42.588 392.835
 13.914  42.320 393.695
 14.014  42.055 394.543
 14.114  41.792 395.381
 14.214  41.532 396.208
 14.314  41.274 397.025
 14.414  41.018 397.832
 14.515  40.765 398.628
 14.615  40.515 399.415
 14.715  40.267 400.192
 14.815  40.021 400.960
 14.915  39.778 401.717
 15.015  39.537 402.466
 15.115  39.298 403.205
 15.215  39.061 403.935
 15.315  38.827 404.656
 15.415  38.595 405.368
 15.516  38.365 406.071
 15.616  38.138 406.766
 15.716  37.913 407.452
 15.816  37.689 408.130
 15.916  37.468 408.800
 16.016  37.249 409.461
 16.116  37.032 410.115
 16.216  36.817 410.760
 16.316  36.605 411.398
 16.416  36.394 412.028
 16.517  36.185 412.651
 16.617  35.978 413.266
 16.717  35.773 413.873
 16.817  35.570 414.474
 16.917  35.369 415.067
 17.017  35.170 415.653
 17.117  34.972 416.233
 17.217  34.777 416.805
 17.317  34.583 417.371
 17.417  34.391 417.930
 17.518  34.201 418.483
 17.618  34.012 419.029
 17.718  33.826 419.569
 17.818  33.641 420.103
 17.918  33.458 420.630
 18.018  33.276 421.151
 18.118  33.096 421.667
 18.218  32.918 422.176
 18.318  32.741 422.680
 18.418  32.566 423.178
 18.519  32.393 423.670
 18.619  32.221 424.157
 18.719  32.051 424.639
 18.819  31.882 425.115
 18.919  31.715 425.585
 19.019  31.549 426.051
 19.119  31.385 426.511
 19.219  31.222 426.966
 19.319  31.061 427.416
 19.419  30.901 427.861
 19.520  30.742 428.302
 19.620  30.585 428.737
 19.720  30.429 429.168
 19.820  30.275 429.594
 19.920  30.122 430.016
 20.020  29.971 430.433
 20.120  29.820 430.845
 20.220  29.671 431.253
 20.320  29.524 431.657
 20.420  29.377 432.057
 20.521  29.232 432.452
 20.621  29.088 432.843
 20.721  28.946 433.230
 20.821  28.804 433.613
 20.921  28.664 433.992
 21.021  28.525 434.367
 21.121  28.387 434.739
 21.221  28.251 435.106
 21.321  28.115 435.470
 21.421  27.981 435.830
 21.522  27.848 436.186
 21.622  27.716 436.539
 21.722  27.585 436.888
 21.822  27.455 437.233
 21.922  27.326 437.576
 22.022  27.198 437.914
 22.122  27.072 438.250
 22.222  26.946 438.582
 22.322  26.822 438.911
 22.422  26.698 439.236
 22.523  26.575 439.558
 22.623  26.454 439.878
 22.723  26.333 440.194
 22.823  26.214 440.507
 22.923  26.095 440.817
 23.023  25.978 441.124
 23.123  25.861 441.428
 23.223  25.746 441.729
 23.323  25.631 442.028
 23.423  25.517 442.323
 23.524  25.404 442.616
 23.624  25.292 442.906
 23.724  25.181 443.193
 23.824  25.071 443.478
 23.924  24.961 443.760
 24.024  24.853 444.039
 24.124  24.745 444.316
 24.224  24.638 444.590
 24.324  24.532 444.862
 24.424  24.427 445.131
 24.525  24.323 445.398
 24.625  24.219 445.662
 24.725  24.116 445.924
 24.825  24.014 446.184
 24.925  23.913 446.441
 25.025  23.813 446.696
 25.125  23.713 446.949
 25.225  23.614 447.199
 25.325  23.516 447.448
 25.425  23.419 447.694
 25.526  23.322 447.938
 25.626  23.227 448.180
 25.726  23.131 448.419
 25.826  23.037 448.657
 25.926  22.943 448.893
 26.026  22.850 449.126
 26.126  22.758 449.358
 26.226  22.666 449.588
 26.326  22.575 449.815
 26.426  22.485 450.041
 26.527  22.395 450.265
 26.627  22.306 450.487
 26.727  22.218 450.707
 26.827  22.130 450.925
 26.927  22.043 451.141
 27.027  21.957 451.356
 27.127  21.871 451.569
 27.227  21.786 451.780
 27.327  21.701 451.989
 27.427  21.617 452.197
 27.528  21.534 452.403
 27.628  21.451 452.607
 27.728  21.369 452.810
 27.828  21.287 453.011
 27.928  21.206 453.210
 28.028  21.126 453.408
 28.128  21.046 453.604
 28.228  20.966 453.799
 28.328  20.888 453.992
 28.428  20.809 454.184
 28.529  20.732 454.374
 28.629  20.655 454.562
 28.729  20.578 454.749
 28.829  20.502 454.935
 28.929  20.426 455.119
 29.029  20.351 455.302
 29.129  20.277 455.483
 29.229  20.203 455.663
 29.329  20.129 455.842
 29.429  20.056 456.019
 29.530  19.984 456.195
 29.630  19.912 456.370
 29.730  19.840 456.543
 29.830  19.769 456.715
 29.930  19.699 456.886
 30.030  19.628 457.055
 30.130  19.559 457.223
 30.230  19.490 457.390
 30.330  19.421 457.556
 30.430  19.353 457.720
 30.531  19.285 457.883
 30.631  19.217 458.045
 30.731  19.150 458.206
 30.831  19.084 458.366
 30.931  19.018 458.524
 31.031  18.952 458.681
 31.131  18.887 458.838
 31.231  18.822 458.993
 31.331  18.758 459.147
 31.431  18.694 459.299
 31.532  18.630 459.451
 31.632  18.567 459.602
 31.732  18.504 459.752
 31.832  18.442 459.900
 31.932  18.380 460.048
 32.032  18.318 460.194
 32.132  18.257 460.340
 32.232  18.197 460.484
 32.332  18.136 460.628
 32.432  18.076 460.770
 32.533  18.016 460.911
 32.633  17.957 461.052
 32.733  17.898 461.191
 32.833  17.840 461.330
 32.933  17.781 461.468
 33.033  17.724 461.604
 33.133  17.666 461.740
 33.233  17.609 461.875
 33.333  17.552 462.009
 33.433  17.496 462.142
 33.534  17.440 462.274
 33.634  17.384 462.405
 33.734  17.329 462.536
 33.834  17.273 462.665
 33.934  17.219 462.794
 34.034  17.164 462.922
 34.134  17.110 463.049
 34.234  17.056 463.175
 34.334  17.003 463.300
 34.434  16.950 463.425
 34.535  16.897 463.549
 34.635  16.845 463.671
 34.735  16.792 463.794
 34.835  16.740 463.915
 34.935  16.689 464.035
 35.035  16.638 464.155
 35.135  16.587 464.274
 35.235  16.536 464.393
 35.335  16.485 464.510
 35.435  16.435 464.627
 35.536  16.386 464.743
 35.636  16.336 464.858
 35.736  16.287 464.973
 35.836  16.238 465.087
 35.936  16.189 465.200
 36.036  16.141 465.312
 36.136  16.093 465.424
 36.236  16.045 465.535
 36.336  15.997 465.645
 36.436  15.950 465.755
 36.537  15.903 465.864
 36.637  15.856 465.972
 36.737  15.809 466.080
 36.837  15.763 466.187
 36.937  15.717 466.293
 37.037  15.671 466.399
 37.137  15.626 466.504
 37.237  15.581 466.609
 37.337  15.536 466.713
 37.437  15.491 466.816
 37.538  15.446 466.918
 37.638  15.402 467.020
 37.738  15.358 467.122
 37.838  15.314 467.223
 37.938  15.271 467.323
 38.038  15.228 467.422
 38.138  15.184 467.521
 38.238  15.142 467.620
 38.338  15.099 467.718
 38.438  15.057 467.815
 38.539  15.014 467.912
 38.639  14.973 468.008
 38.739  14.931 468.104
 38.839  14.889 468.199
 38.939  14.848 468.293
 39.039  14.807 468.387
 39.139  14.766 468.481
 39.239  14.726 468.573
 39.339  14.685 468.666
 39.439  14.645 468.758
 39.540  14.605 468.849
 39.640  14.565 468.940
 39.740  14.526 469.030
 39.840  14.486 469.120
 39.940  14.447 469.209
 40.040  14.408 469.298
 40.140  14.370 469.386
 40.240  14.331 469.474
 40.340  14.293 469.562
 40.440  14.255 469.648
 40.541  14.217 469.735
 40.641  14.179 469.821
 40.741  14.141 469.906
 40.841  14.104 469.991
 40.941  14.067 470.076
 41.041  14.030 470.160
 41.141  13.993 470.243
 41.241  13.956 470.326
 41.341  13.920 470.409
 41.441  13.884 470.491
 41.542  13.848 470.573
 41.642  13.812 470.654
 41.742  13.776 470.735
 41.842  13.740 470.816
 41.942  13.705 470.896
 42.042  13.670 470.976
 42.142  13.635 471.055
 42.242  13.600 471.134
 42.342  13.565 471.212
 42.442  13.531 471.290
 42.543  13.496 471.368
 42.643  13.462 471.445
 42.743  13.428 471.521
 42.843  13.394 471.598
 42.943  13.361 471.674
 43.043  13.327 471.749
 43.143  13.294 471.825
 43.243  13.261 471.899
 43.343  13.228 471.974
 43.443  13.195 472.048
 43.544  13.162 472.121
 43.644  13.130 472.195
 43.744  13.097 472.268
 43.844  13.065 472.340
 43.944  13.033 472.412
 44.044  13.001 472.484
 44.144  12.969 472.556
 44.244  12.937 472.627
 44.344  12.906 472.697
 44.444  12.875 472.768
 44.545  12.843 472.838
 44.645  12.812 472.907
 44.745  12.781 472.977
 44.845  12.751 473.046
 44.945  12.720 473.114
 45.045  12.690 473.183
 45.145  12.659 473.251
 45.245  12.629 473.318
 45.345  12.599 473.385
 45.445  12.569 473.452
 45.546  12.539 473.519
 45.646  12.510 473.585
 45.746  12.480 473.651
 45.846  12.451 473.717
 45.946  12.421 473.782
 46.046  12.392 473.847
 46.146  12.363 473.912
 46.246  12.334 473.977
 46.346  12.306 474.041
 46.446  12.277 474.105
 46.547  12.249 474.168
 46.647  12.220 474.231
 46.747  12.192 474.294
 46.847  12.164 474.357
 46.947  12.136 474.419
 47.047  12.108 474.481
 47.147  12.081 474.543
 47.247  12.053 474.604
 47.347  12.026 474.665
 47.447  11.998 474.726
 47.548  11.971 474.787
 47.648  11.944 474.847
 47.748  11.917 474.907
 47.848  11.890 474.967
 47.948  11.863 475.026
 48.048  11.837 475.085
 48.148  11.810 475.144
 48.248  11.784 475.203
 48.348  11.757 475.261
 48.448  11.731 475.319
 48.549  11.705 475.377
 48.649  11.679 475.435
 48.749  11.653 475.492
 48.849  11.628 475.549
 48.949  11.602 475.606
 49.049  11.576 475.662
 49.149  11.551 475.719
 49.249  11.526 475.775
 49.349  11.501 475.831
 49.449  11.476 475.886
 49.550  11.451 475.941
 49.650  11.426 475.996
 49.750  11.401 476.051
 49.850  11.376 476.106
 49.950  11.352 476.160
 50.050  11.327 476.214
 50.150  11.303 476.268
 50.250  11.279 476.321
 50.350  11.254 476.375
 50.450  11.230 476.428
 50.551  11.206 476.481
 50.651  11.183 476.533
 50.751  11.159 476.586
 50.851  11.135 476.638
 50.951  11.112 476.690
 51.051  11.088 476.742
 51.151  11.065 476.793
 51.251  11.042 476.845
 51.351  11.018 476.896
 51.451  10.995 476.946
 51.552  10.972 476.997
 51.652  10.949 477.048
 51.752  10.927 477.098
 51.852  10.904 477.148
 51.952  10.881 477.198
 52.052  10.859 477.247
 52.152  10.836 477.296
 52.252  10.814 477.346
 52.352  10.792 477.395
 52.452  10.770 477.443
 52.553  10.747 477.492
 52.653  10.725 477.540
 52.753  10.704 477.588
 52.853  10.682 477.636
 52.953  10.660 477.684
 53.053  10.638 477.731
 53.153  10.617 477.779
 53.253  10.595 477.826
 53.353  10.574 477.873
 53.453  10.553 477.920
 53.554  10.531 477.966
 53.654  10.510 478.013
 53.754  10.489 478.059
 53.854  10.468 478.105
 53.954  10.447 478.150
 54.054  10.427 478.196
 54.154  10.406 478.241
 54.254  10.385 478.287
 54.354  10.365 478.332
 54.454  10.344 478.377
 54.555  10.324 478.421
 54.655  10.303 478.466
 54.755  10.283 478.510
 54.855  10.263 478.554
 54.955  10.243 478.598
 55.055  10.223 478.642
 55.155  10.203 478.686
 55.255  10.183 478.729
 55.355  10.163 478.772
 55.455  10.143 478.816
 55.556  10.124 478.858
 55.656  10.104 478.901
 55.756  10.085 478.944
 55.856  10.065 478.986
 55.956  10.046 479.029
 56.056  10.027 479.071
 56.156  10.007 479.113
 56.256   9.988 479.154
 56.356   9.969 479.196
 56.456   9.950 479.237
 56.557   9.931 479.279
 56.657   9.912 479.320
 56.757   9.894 479.361
 56.857   9.875 479.402
 56.957   9.856 479.442
 57.057   9.838 479.483
 57.157   9.819 479.523
 57.257   9.801 479.563
 57.357   9.782 479.603
 57.457   9.764 479.643
 57.558   9.746 479.683
 57.658   9.728 479.722
 57.758   9.710 479.762
 57.858   9.691 479.801
 57.958   9.674 479.840
 58.058   9.656 479.879
 58.158   9.638 479.918
 58.258   9.620 479.957
 58.358   9.602 479.995
 58.458   9.585 480.034
 58.559   9.567 480.072
 58.659   9.549 480.110
 58.759   9.532 480.148
 58.859   9.515 480.186
 58.959   9.497 480.223
 59.059   9.480 480.261
 59.159   9.463 480.298
 59.259   9.446 480.335
 59.359   9.428 480.373
 59.459   9.411 480.410
 59.560   9.394 480.446
 59.660   9.378 480.483
 59.760   9.361 480.520
 59.860   9.344 480.556
 59.960   9.327 480.592
 60.060   9.310 480.629
 60.160   9.294 480.665
 60.260   9.277 480.701
 60.360   9.261 480.736
 60.460   9.244 480.772
 60.561   9.228 480.808
 60.661   9.212 480.843
 60.761   9.195 480.878
 60.861   9.179 480.913
 60.961   9.163 480.948
 61.061   9.147 480.983
 61.161   9.131 481.018
 61.261   9.115 481.053
 61.361   9.099 481.087
 61.461   9.083 481.122
 61.562   9.067 481.156
 61.662   9.051 481.190
 61.762   9.035 481.224
 61.862   9.020 481.258
 61.962   9.004 481.292
 62.062   8.989 481.325
 62.162   8.973 481.359
 62.262   8.958 481.392
 62.362   8.942 481.426
 62.462   8.927 481.459
 62.563   8.912 481.492
 62.663   8.896 481.525
 62.763   8.881 481.558
 62.863   8.866 481.590
 62.963   8.851 481.623
 63.063   8.836 481.656
 63.163   8.821 481.688
 63.263   8.806 481.720
 63.363   8.791 481.752
 63.463   8.776 481.784
 63.564   8.761 481.816
 63.664   8.746 481.848
 63.764   8.732 481.880
 63.864   8.717 481.912
 63.964   8.702 481.943
 64.064   8.688 481.974
 64.164   8.673 482.006
 64.264   8.659 482.037
 64.364   8.644 482.068
 64.464   8.630 482.099
 64.565   8.616 482.130
 64.665   8.601 482.161
 64.765   8.587 482.191
 64.865   8.573 482.222
 64.965   8.559 482.252
 65.065   8.545 482.283
 65.165   8.531 482.313
 65.265   8.517 482.343
 65.365   8.503 482.373
 65.465   8.489 482.403
 65.566   8.475 482.433
 65.666   8.461 482.463
 65.766   8.447 482.492
 65.866   8.434 482.522
 65.966   8.420 482.551
 66.066   8.406 482.581
 66.166   8.393 482.610
 66.266   8.379 482.639
 66.366   8.365 482.668
 66.466   8.352 482.697
 66.567   8.339 482.726
 66.667   8.325 482.755
 66.767   8.312 482.784
 66.867   8.298 482.812
 66.967   8.285 482.841
 67.067   8.272 482.869
 67.167   8.259 482.898
 67.267   8.246 482.926
 67.367   8.232 482.954
 67.467   8.219 482.982
 67.568   8.206 483.010
 67.668   8.193 483.038
 67.768   8.180 483.066
 67.868   8.168 483.093
 67.968   8.155 483.121
 68.068   8.142 483.148
 68.168   8.129 483.176
 68.268   8.116 483.203
 68.368   8.104 483.230
 68.468   8.091 483.258
 68.569   8.078 483.285
 68.669   8.066 483.312
 68.769   8.053 483.338
 68.869   8.041 483.365
 68.969   8.028 483.392
 69.069   8.016 483.419
 69.169   8.003 483.445
 69.269   7.991 483.472
 69.369   7.979 483.498
 69.469   7.966 483.524
 69.570   7.954 483.551
 69.670   7.942 483.577
 69.770   7.930 483.603
 69.870   7.918 483.629
 69.970   7.905 483.655
 70.070   7.893 483.681
 70.170   7.881 483.706
 70.270   7.869 483.732
 70.370   7.857 483.758
 70.470   7.845 483.783
 70.571   7.834 483.809
 70.671   7.822 483.834
 70.771   7.810 483.859
 70.871   7.798 483.884
 70.971   7.786 483.910
 71.071   7.775 483.935
 71.171   7.763 483.960
 71.271   7.751 483.984
 71.371   7.740 484.009
 71.471   7.728 484.034
 71.572   7.717 484.059
 71.672   7.705 484.083
 71.772   7.694 484.108
 71.872   7.682 484.132
 71.972   7.671 484.157
 72.072   7.659 484.181
 72.172   7.648 484.205
 72.272   7.637 484.229
 72.372   7.625 484.253
 72.472   7.614 484.277
 72.573   7.603 484.301
 72.673   7.592 484.325
 72.773   7.581 484.349
 72.873   7.569 484.373
 72.973   7.558 484.396
 73.073   7.547 484.420
 73.173   7.536 484.443
 73.273   7.525 484.467
 73.373   7.514 484.490
 73.473   7.503 484.513
 73.574   7.493 484.537
 73.674   7.482 484.560
 73.774   7.471 484.583
 73.874   7.460 484.606
 73.974   7.449 484.629
 74.074   7.439 484.652
 74.174   7.428 484.675
 74.274   7.417 484.697
 74.374   7.406 484.720
 74.474   7.396 484.743
 74.575   7.385 484.765
 74.675   7.375 484.788
 74.775   7.364 484.810
 74.875   7.354 484.833
 74.975   7.343 484.855
 75.075   7.333 484.877
 75.175   7.322 484.899
 75.275   7.312 484.921
 75.375   7.302 484.943
 75.475   7.291 484.965
 75.576   7.281 484.987
 75.676   7.271 485.009
 75.776   7.260 485.031
 75.876   7.250 485.053
 75.976   7.240 485.074
 76.076   7.230 485.096
 76.176   7.220 485.117
 76.276   7.210 485.139
 76.376   7.200 485.160
 76.476   7.190 485.182
 76.577   7.180 485.203
 76.677   7.170 485.224
 76.777   7.160 485.245
 76.877   7.150 485.267
 76.977   7.140 485.288
 77.077   7.130 485.309
 77.177   7.120 485.330
 77.277   7.110 485.350
 77.377   7.100 485.371
 77.477   7.091 485.392
 77.578   7.081 485.413
 77.678   7.071 485.433
 77.778   7.061 485.454
 77.878   7.052 485.475
 77.978   7.042 485.495
 78.078   7.032 485.515
 78.178   7.023 485.536
 78.278   7.013 485.556
 78.378   7.004 485.576
 78.478   6.994 485.597
 78.579   6.985 485.617
 78.679   6.975 485.637
 78.779   6.966 485.657
 78.879   6.956 485.677
 78.979   6.947 485.697
 79.079   6.938 485.717
 79.179   6.928 485.736
 79.279   6.919 485.756
 79.379   6.910 485.776
 79.479   6.900 485.795
 79.580   6.891 485.815
 79.680   6.882 485.835
 79.780   6.873 485.854
 79.880   6.864 485.874
 79.980   6.855 485.893
 80.080   6.845 485.912
 80.180   6.836 485.932
 80.280   6.827 485.951
 80.380   6.818 485.970
 80.480   6.809 485.989
 80.581   6.800 486.008
 80.681   6.791 486.027
 80.781   6.782 486.046
 80.881   6.773 486.065
 80.981   6.764 486.084
 81.081   6.755 486.103
 81.181   6.747 486.122
 81.281   6.738 486.140
 81.381   6.729 486.159
 81.481   6.720 486.178
 81.582   6.711 486.196
 81.682   6.703 486.215
 81.782   6.694 486.233
 81.882   6.685 486.252
 81.982   6.677 486.270
 82.082   6.668 486.288
 82.182   6.659 486.307
 82.282   6.651 486.325
 82.382   6.642 486.343
 82.482   6.633 486.361
 82.583   6.625 486.379
 82.683   6.616 486.397
 82.783   6.608 486.415
 82.883   6.599 486.433
 82.983   6.591 486.451
 83.083   6.582 486.469
 83.183   6.574 486.487
 83.283   6.566 486.504
 83.383   6.557 486.522
 83.483   6.549 486.540
 83.584   6.541 486.557
 83.684   6.532 486.575
 83.784   6.524 486.593
 83.884   6.516 486.610
 83.984   6.507 486.628
 84.084   6.499 486.645
 84.184   6.491 486.662
 84.284   6.483 486.680
 84.384   6.475 486.697
 84.484   6.466 486.714
 84.585   6.458 486.731
 84.685   6.450 486.748
 84.785   6.442 486.765
 84.885   6.434 486.783
 84.985   6.426 486.800
 85.085   6.418 486.816
 85.185   6.410 486.833
 85.285   6.402 486.850
 85.385   6.394 486.867
 85.485   6.386 486.884
 85.586   6.378 486.901
 85.686   6.370 486.917
 85.786   6.362 486.934
 85.886   6.354 486.951
 85.986   6.347 486.967
 86.086   6.339 486.984
 86.186   6.331 487.000
 86.286   6.323 487.017
 86.386   6.315 487.033
 86.486   6.308 487.049
 86.587   6.300 487.066
 86.687   6.292 487.082
 86.787   6.284 487.098
 86.887   6.277 487.115
 86.987   6.269 487.131
 87.087   6.261 487.147
 87.187   6.254 487.163
 87.287   6.246 487.179
 87.387   6.239 487.195
 87.487   6.231 487.211
 87.588   6.223 487.227
 87.688   6.216 487.243
 87.788   6.208 487.259
 87.888   6.201 487.275
 87.988   6.193 487.290
 88.088   6.186 487.306
 88.188   6.178 487.322
 88.288   6.171 487.337
 88.388   6.164 487.353
 88.488   6.156 487.369
 88.589   6.149 487.384
 88.689   6.141 487.400
 88.789   6.134 487.415
 88.889   6.127 487.431
 88.989   6.119 487.446
 89.089   6.112 487.461
 89.189   6.105 487.477
 89.289   6.098 487.492
 89.389   6.090 487.507
 89.489   6.083 487.522
 89.590   6.076 487.538
 89.690   6.069 487.553
 89.790   6.062 487.568
 89.890   6.054 487.583
 89.990   6.047 487.598
 90.090   6.040 487.613
 90.190   6.033 487.628
 90.290   6.026 487.643
 90.390   6.019 487.658
 90.490   6.012 487.673
 90.591   6.005 487.687
 90.691   5.998 487.702
 90.791   5.991 487.717
 90.891   5.984 487.732
 90.991   5.977 487.746
 91.091   5.970 487.761
 91.191   5.963 487.776
 91.291   5.956 487.790
 91.391   5.949 487.805
 91.491   5.942 487.819
 91.592   5.935 487.834
 91.692   5.928 487.848
 91.792   5.921 487.863
 91.892   5.915 487.877
 91.992   5.908 487.891
 92.092   5.901 487.906
 92.192   5.894 487.920
 92.292   5.887 487.934
 92.392   5.881 487.948
 92.492   5.874 487.962
 92.593   5.867 487.977
 92.693   5.860 487.991
 92.793   5.854 488.005
 92.893   5.847 488.019
 92.993   5.840 488.033
 93.093   5.834 488.047
 93.193   5.827 488.061
 93.293   5.820 488.075
 93.393   5.814 488.088
 93.493   5.807 488.102
 93.594   5.801 488.116
 93.694   5.794 488.130
 93.794   5.788 488.144
 93.894   5.781 488.157
 93.994   5.775 488.171
 94.094   5.768 488.185
 94.194   5.762 488.198
 94.294   5.755 488.212
 94.394   5.749 488.226
 94.494   5.742 488.239
 94.595   5.736 488.253
 94.695   5.729 488.266
 94.795   5.723 488.280
 94.895   5.716 488.293
 94.995   5.710 488.306
 95.095   5.704 488.320
 95.195   5.697 488.333
 95.295   5.691 488.346
 95.395   5.685 488.360
 95.495   5.678 488.373
 95.596   5.672 488.386
 95.696   5.666 488.399
 95.796   5.660 488.412
 95.896   5.653 488.425
 95.996   5.647 488.439
 96.096   5.641 488.452
 96.196   5.635 488.465
 96.296   5.628 488.478
 96.396   5.622 488.491
 96.496   5.616 488.503
 96.597   5.610 488.516
 96.697   5.604 488.529
 96.797   5.598 488.542
 96.897   5.592 488.555
 96.997   5.585 488.568
 97.097   5.579 488.581
 97.197   5.573 488.593
 97.297   5.567 488.606
 97.397   5.561 488.619
 97.497   5.555 488.631
 97.598   5.549 488.644
 97.698   5.543 488.657
 97.798   5.537 488.669
 97.898   5.531 488.682
 97.998   5.525 488.694
 98.098   5.519 488.707
 98.198   5.513 488.719
 98.298   5.507 488.732
 98.398   5.501 488.744
 98.498   5.495 488.756
 98.599   5.489 488.769
 98.699   5.484 488.781
 98.799   5.478 488.793
 98.899   5.472 488.806
 98.999   5.466 488.818
 99.099   5.460 488.830
 99.199   5.454 488.842
 99.299   5.449 488.854
 99.399   5.443 488.867
 99.499   5.437 488.879
 99.600   5.431 488.891
 99.700   5.425 488.903
 99.800   5.420 488.915
 99.900   5.414 488.927
100.000   5.408 488.939
