# ALPHA_1 0.002
# ALPHA_2 0.001
# BETTA_1 0.004
# BETTA_2 0.001
# GAMMA_1 0.500
# GAMMA_2 0.500
# Y0 247.000
# Z0 200.000
# X_BEG 0.000
# X_END 100.000
# XDOTS_NUM 1000
# DX 0.100
  0.000 247.000 200.000
  0.100 231.348 196.505
  0.200 218.013 193.692
  0.300 206.520 191.441
  0.400 196.514 189.661
  0.501 187.726 188.280
  0.601 179.947 187.242
  0.701 173.014 186.499
  0.801 166.796 186.016
  0.901 161.188 185.760
  1.001 156.105 185.705
  1.101 151.475 185.831
  1.201 147.240 186.117
  1.301 143.351 186.549
  1.401 139.767 187.112
  1.502 136.452 187.794
  1.602 133.376 188.586
  1.702 130.514 189.478
  1.802 127.842 190.461
  1.902 125.342 191.529
  2.002 122.996 192.675
  2.102 120.790 193.893
  2.202 118.711 195.178
  2.302 116.746 196.525
  2.402 114.886 197.930
  2.503 113.121 199.389
  2.603 111.444 200.897
  2.703 109.846 202.453
  2.803 108.323 204.052
  2.903 106.866 205.692
  3.003 105.472 207.369
  3.103 104.135 209.082
  3.203 102.852 210.828
  3.303 101.617 212.604
  3.403 100.428 214.409
  3.504  99.281 216.241
  3.604  98.174 218.097
  3.704  97.103 219.976
  3.804  96.066 221.876
  3.904  95.061 223.795
  4.004  94.085 225.732
  4.104  93.138 227.685
  4.204  92.216 229.653
  4.304  91.318 231.635
  4.404  90.444 233.629
  4.505  89.590 235.633
  4.605  88.757 237.647
  4.705  87.943 239.669
  4.805  87.147 241.698
  4.905  86.368 243.733
  5.005  85.604 245.774
  5.105  84.856 247.818
  5.205  84.122 249.865
  5.305  83.402 251.914
  5.405  82.694 253.964
  5.506  81.998 256.014
  5.606  81.315 258.064
  5.706  80.642 260.111
  5.806  79.980 262.157
  5.906  79.327 264.199
  6.006  78.685 266.237
  6.106  78.052 268.270
  6.206  77.427 270.298
  6.306  76.811 272.320
  6.406  76.204 274.336
  6.507  75.604 276.343
  6.607  75.012 278.344
  6.707  74.427 280.335
  6.807  73.849 282.318
  6.907  73.278 284.290
  7.007  72.713 286.253
  7.107  72.155 288.206
  7.207  71.603 290.147
  7.307  71.057 292.077
  7.407  70.518 293.995
  7.508  69.984 295.901
  7.608  69.455 297.794
  7.708  68.932 299.674
  7.808  68.414 301.541
  7.908  67.902 303.395
  8.008  67.395 305.234
  8.108  66.893 307.059
  8.208  66.395 308.870
  8.308  65.903 310.667
  8.408  65.415 312.448
  8.509  64.932 314.215
  8.609  64.454 315.966
  8.709  63.980 317.702
  8.809  63.511 319.422
  8.909  63.046 321.127
  9.009  62.586 322.815
  9.109  62.130 324.488
  9.209  61.678 326.145
  9.309  61.230 327.785
  9.409  60.786 329.410
  9.510  60.347 331.018
  9.610  59.912 332.610
  9.710  59.480 334.185
  9.810  59.053 335.745
  9.910  58.630 337.287
 10.010  58.210 338.814
 10.110  57.794 340.324
 10.210  57.383 341.818
 10.310  56.975 343.295
 10.410  56.571 344.756
 10.511  56.170 346.201
 10.611  55.774 347.630
 10.711  55.381 349.042
 10.811  54.991 350.438
 10.911  54.605 351.819
 11.011  54.223 353.183
 11.111  53.845 354.532
 11.211  53.470 355.865
 11.311  53.098 357.182
 11.411  52.730 358.484
 11.512  52.365 359.770
 11.612  52.004 361.040
 11.712  51.646 362.296
 11.812  51.292 363.536
 11.912  50.941 364.762
 12.012  50.593 365.972
 12.112  50.249 367.168
 12.212  49.907 368.349
 12.312  49.569 369.516
 12.412  49.235 370.668
 12.513  48.903 371.806
 12.613  48.575 372.930
 12.713  48.249 374.040
 12.813  47.927 375.136
 12.913  47.608 376.219
 13.013  47.292 377.288
 13.113  46.979 378.343
 13.213  46.669 379.386
 13.313  46.362 380.415
 13.413  46.057 381.432
 13.514  45.756 382.435
 13.614  45.458 383.426
 13.714  45.162 384.405
 13.814  44.870 385.371
 13.914  44.580 386.325
 14.014  44.293 387.267
 14.114  44.008 388.198
 14.214  43.727 389.116
 14.314  43.448 390.023
 14.414  43.172 390.918
 14.515  42.898 391.802
 14.615  42.627 392.676
 14.715  42.359 393.538
 14.815  42.093 394.389
 14.915  41.830 395.229
 15.015  41.569 396.059
 15.115  41.311 396.879
 15.215  41.055 397.688
 15.315  40.802 398.487
 15.415  40.551 399.276
 15.516  40.303 400.056
 15.616  40.057 400.825
 15.716  39.813 401.585
 15.816  39.572 402.336
 15.916  39.333 403.077
 16.016  39.096 403.809
 16.116  38.862 404.532
 16.216  38.630 405.246
 16.316  38.400 405.951
 16.416  38.172 406.648
 16.517  37.946 407.336
 16.617  37.723 408.016
 16.717  37.501 408.687
 16.817  37.282 409.350
 16.917  37.065 410.005
 17.017  36.850 410.652
 17.117  36.637 411.292
 17.217  36.426 411.923
 17.317  36.216 412.547
 17.417  36.009 413.164
 17.518  35.804 413.773
 17.618  35.601 414.375
 17.718  35.399 414.970
 17.818  35.200 415.557
 17.918  35.002 416.138
 18.018  34.806 416.712
 18.118  34.612 417.279
 18.218  34.420 417.839
 18.318  34.230 418.393
 18.418  34.041 418.941
 18.519  33.854 419.482
 18.619  33.669 420.016
 18.719  33.486 420.545
 18.819  33.304 421.067
 18.919  33.124 421.584
 19.019  32.945 422.095
 19.119  32.768 422.599
 19.219  32.593 423.098
 19.319  32.419 423.592
 19.419  32.247 424.079
 19.520  32.077 424.562
 19.620  31.908 425.039
 19.720  31.740 425.510
 19.820  31.574 425.976
 19.920  31.410 426.438
 20.020  31.247 426.894
 20.120  31.085 427.345
 20.220  30.925 427.791
 20.320  30.767 428.232
 20.420  30.609 428.668
 20.521  30.453 429.100
 20.621  30.299 429.527
 20.721  30.146 429.949
 20.821  29.994 430.367
 20.921  29.843 430.780
 21.021  29.694 431.189
 21.121  29.546 431.593
 21.221  29.400 431.994
 21.321  29.254 432.390
 21.421  29.110 432.782
 21.522  28.968 433.169
 21.622  28.826 433.553
 21.722  28.686 433.933
 21.822  28.546 434.308
 21.922  28.409 434.680
 22.022  28.272 435.048
 22.122  28.136 435.413
 22.222  28.002 435.773
 22.322  27.868 436.130
 22.422  27.736 436.483
 22.523  27.605 436.833
 22.623  27.475 437.179
 22.723  27.346 437.522
 22.823  27.218 437.861
 22.923  27.091 438.197
 23.023  26.965 438.530
 23.123  26.841 438.859
 23.223  26.717 439.185
 23.323  26.594 439.508
 23.423  26.473 439.828
 23.524  26.352 440.144
 23.624  26.232 440.458
 23.724  26.114 440.769
 23.824  25.996 441.076
 23.924  25.879 441.381
 24.024  25.763 441.682
 24.124  25.649 441.981
 24.224  25.535 442.277
 24.324  25.421 442.570
 24.424  25.309 442.861
 24.525  25.198 443.148
 24.625  25.088 443.433
 24.725  24.978 443.716
 24.825  24.869 443.996
 24.925  24.762 444.273
 25.025  24.655 444.547
 25.125  24.549 444.820
 25.225  24.443 445.089
 25.325  24.339 445.356
 25.425  24.235 445.621
 25.526  24.132 445.883
 25.626  24.030 446.143
 25.726  23.929 446.401
 25.826  23.828 446.657
 25.926  23.729 446.910
 26.026  23.630 447.161
 26.126  23.532 447.409
 26.226  23.434 447.656
 26.326  23.337 447.900
 26.426  23.241 448.142
 26.527  23.146 448.382
 26.627  23.052 448.620
 26.727  22.958 448.856
 26.827  22.865 449.090
 26.927  22.772 449.322
 27.027  22.680 449.552
 27.127  22.589 449.780
 27.227  22.499 450.006
 27.327  22.409 450.230
 27.427  22.320 450.452
 27.528  22.232 450.673
 27.628  22.144 450.891
 27.728  22.057 451.108
 27.828  21.970 451.323
 27.928  21.884 451.536
 28.028  21.799 451.747
 28.128  21.714 451.957
 28.228  21.630 452.165
 28.328  21.547 452.371
 28.428  21.464 452.576
 28.529  21.382 452.778
 28.629  21.300 452.980
 28.729  21.219 453.179
 28.829  21.138 453.377
 28.929  21.058 453.574
 29.029  20.979 453.769
 29.129  20.900 453.962
 29.229  20.822 454.154
 29.329  20.744 454.344
 29.429  20.667 454.533
 29.530  20.590 454.720
 29.630  20.514 454.906
 29.730  20.438 455.091
 29.830  20.363 455.274
 29.930  20.288 455.455
 30.030  20.214 455.636
 30.130  20.141 455.814
 30.230  20.068 455.992
 30.330  19.995 456.168
 30.430  19.923 456.343
 30.531  19.851 456.516
 30.631  19.780 456.688
 30.731  19.710 456.859
 30.831  19.639 457.029
 30.931  19.570 457.197
 31.031  19.500 457.364
 31.131  19.432 457.530
 31.231  19.363 457.694
 31.331  19.295 457.858
 31.431  19.228 458.020
 31.532  19.161 458.181
 31.632  19.094 458.341
 31.732  19.028 458.500
 31.832  18.962 458.657
 31.932  18.897 458.813
 32.032  18.832 458.969
 32.132  18.768 459.123
 32.232  18.704 459.276
 32.332  18.640 459.428
 32.432  18.577 459.579
 32.533  18.514 459.728
 32.633  18.452 459.877
 32.733  18.390 460.025
 32.833  18.328 460.171
 32.933  18.267 460.317
 33.033  18.206 460.462
 33.133  18.145 460.605
 33.233  18.085 460.748
 33.333  18.026 460.890
 33.433  17.966 461.030
 33.534  17.907 461.170
 33.634  17.849 461.309
 33.734  17.790 461.446
 33.834  17.733 461.583
 33.934  17.675 461.719
 34.034  17.618 461.854
 34.134  17.561 461.988
 34.234  17.505 462.121
 34.334  17.448 462.254
 34.434  17.393 462.385
 34.535  17.337 462.516
 34.635  17.282 462.645
 34.735  17.227 462.774
 34.835  17.173 462.902
 34.935  17.119 463.029
 35.035  17.065 463.155
 35.135  17.011 463.281
 35.235  16.958 463.406
 35.335  16.905 463.529
 35.435  16.853 463.652
 35.536  16.800 463.775
 35.636  16.748 463.896
 35.736  16.697 464.017
 35.836  16.646 464.137
 35.936  16.594 464.256
 36.036  16.544 464.374
 36.136  16.493 464.492
 36.236  16.443 464.609
 36.336  16.393 464.725
 36.436  16.344 464.840
 36.537  16.294 464.955
 36.637  16.245 465.069
 36.737  16.197 465.182
 36.837  16.148 465.295
 36.937  16.100 465.406
 37.037  16.052 465.518
 37.137  16.005 465.628
 37.237  15.957 465.738
 37.337  15.910 465.847
 37.437  15.863 465.955
 37.538  15.817 466.063
 37.638  15.770 466.170
 37.738  15.724 466.277
 37.838  15.679 466.383
 37.938  15.633 466.488
 38.038  15.588 466.592
 38.138  15.543 466.696
 38.238  15.498 466.800
 38.338  15.453 466.902
 38.438  15.409 467.005
 38.539  15.365 467.106
 38.639  15.321 467.207
 38.739  15.278 467.307
 38.839  15.234 467.407
 38.939  15.191 467.506
 39.039  15.148 467.605
 39.139  15.106 467.703
 39.239  15.063 467.800
 39.339  15.021 467.897
 39.439  14.979 467.993
 39.540  14.937 468.089
 39.640  14.896 468.184
 39.740  14.855 468.278
 39.840  14.813 468.373
 39.940  14.773 468.466
 40.040  14.732 468.559
 40.140  14.692 468.652
 40.240  14.651 468.743
 40.340  14.611 468.835
 40.440  14.572 468.926
 40.541  14.532 469.016
 40.641  14.493 469.106
 40.741  14.453 469.195
 40.841  14.414 469.284
 40.941  14.376 469.373
 41.041  14.337 469.461
 41.141  14.299 469.548
 41.241  14.260 469.635
 41.341  14.222 469.721
 41.441  14.185 469.807
 41.542  14.147 469.893
 41.642  14.110 469.978
 41.742  14.072 470.063
 41.842  14.035 470.147
 41.942  13.999 470.230
 42.042  13.962 470.313
 42.142  13.925 470.396
 42.242  13.889 470.479
 42.342  13.853 470.560
 42.442  13.817 470.642
 42.543  13.781 470.723
 42.643  13.746 470.803
 42.743  13.710 470.884
 42.843  13.675 470.963
 42.943  13.640 471.043
 43.043  13.605 471.121
 43.143  13.571 471.200
 43.243  13.536 471.278
 43.343  13.502 471.356
 43.443  13.468 471.433
 43.544  13.434 471.510
 43.644  13.400 471.586
 43.744  13.366 471.662
 43.844  13.332 471.738
 43.944  13.299 471.813
 44.044  13.266 471.888
 44.144  13.233 471.962
 44.244  13.200 472.036
 44.344  13.167 472.110
 44.444  13.135 472.183
 44.545  13.102 472.256
 44.645  13.070 472.329
 44.745  13.038 472.401
 44.845  13.006 472.473
 44.945  12.974 472.544
 45.045  12.942 472.616
 45.145  12.911 472.686
 45.245  12.879 472.757
 45.345  12.848 472.827
 45.445  12.817 472.897
 45.546  12.786 472.966
 45.646  12.755 473.035
 45.746  12.725 473.104
 45.846  12.694 473.172
 45.946  12.664 473.240
 46.046  12.634 473.308
 46.146  12.604 473.375
 46.246  12.574 473.442
 46.346  12.544 473.509
 46.446  12.514 473.575
 46.547  12.485 473.641
 46.647  12.455 473.707
 46.747  12.426 473.772
 46.847  12.397 473.837
 46.947  12.368 473.902
 47.047  12.339 473.967
 47.147  12.310 474.031
 47.247  12.282 474.095
 47.347  12.253 474.158
 47.447  12.225 474.221
 47.548  12.197 474.284
 47.648  12.168 474.347
 47.748  12.140 474.409
 47.848  12.113 474.471
 47.948  12.085 474.533
 48.048  12.057 474.595
 48.148  12.030 474.656
 48.248  12.002 474.717
 48.348  11.975 474.777
 48.448  11.948 474.838
 48.549  11.921 474.898
 48.649  11.894 474.957
 48.749  11.867 475.017
 48.849  11.841 475.076
 48.949  11.814 475.135
 49.049  11.788 475.194
 49.149  11.761 475.252
 49.249  11.735 475.310
 49.349  11.709 475.368
 49.449  11.683 475.426
 49.550  11.657 475.483
 49.650  11.632 475.540
 49.750  11.606 475.597
 49.850  11.580 475.654
 49.950  11.555 475.710
 50.050  11.530 475.766
 50.150  11.504 475.822
 50.250  11.479 475.877
 50.350  11.454 475.933
 50.450  11.430 475.988
 50.551  11.405 476.043
 50.651  11.380 476.097
 50.751  11.355 476.152
 50.851  11.331 476.206
 50.951  11.307 476.259
 51.051  11.282 476.313
 51.151  11.258 476.366
 51.251  11.234 476.420
 51.351  11.210 476.473
 51.451  11.186 476.525
 51.552  11.163 476.578
 51.652  11.139 476.630
 51.752  11.115 476.682
 51.852  11.092 476.734
 51.952  11.068 476.785
 52.052  11.045 476.837
 52.152  11.022 476.888
 52.252  10.999 476.939
 52.352  10.976 476.989
 52.452  10.953 477.040
 52.553  10.930 477.090
 52.653  10.907 477.140
 52.753  10.885 477.190
 52.853  10.862 477.239
 52.953  10.840 477.289
 53.053  10.817 477.338
 53.153  10.795 477.387
 53.253  10.773 477.436
 53.353  10.751 477.484
 53.453  10.729 477.533
 53.554  10.707 477.581
 53.654  10.685 477.629
 53.754  10.663 477.677
 53.854  10.642 477.724
 53.954  10.620 477.771
 54.054  10.599 477.819
 54.154  10.577 477.866
 54.254  10.556 477.912
 54.354  10.535 477.959
 54.454  10.514 478.005
 54.555  10.493 478.052
 54.655  10.472 478.098
 54.755  10.451 478.143
 54.855  10.430 478.189
 54.955  10.409 478.234
 55.055  10.388 478.280
 55.155  10.368 478.325
 55.255  10.347 478.370
 55.355  10.327 478.414
 55.455  10.307 478.459
 55.556  10.286 478.503
 55.656  10.266 478.547
 55.756  10.246 478.591
 55.856  10.226 478.635
 55.956  10.206 478.679
 56.056  10.186 478.722
 56.156  10.166 478.766
 56.256  10.147 478.809
 56.356  10.127 478.852
 56.456  10.107 478.895
 56.557  10.088 478.937
 56.657  10.068 478.980
 56.757  10.049 479.022
 56.857  10.030 479.064
 56.957  10.010 479.106
 57.057   9.991 479.148
 57.157   9.972 479.189
 57.257   9.953 479.231
 57.357   9.934 479.272
 57.457   9.915 479.313
 57.558   9.897 479.354
 57.658   9.878 479.395
 57.758   9.859 479.436
 57.858   9.841 479.476
 57.958   9.822 479.517
 58.058   9.804 479.557
 58.158   9.785 479.597
 58.258   9.767 479.637
 58.358   9.749 479.677
 58.458   9.730 479.716
 58.559   9.712 479.756
 58.659   9.694 479.795
 58.759   9.676 479.834
 58.859   9.658 479.873
 58.959   9.641 479.912
 59.059   9.623 479.951
 59.159   9.605 479.989
 59.259   9.587 480.028
 59.359   9.570 480.066
 59.459   9.552 480.104
 59.560   9.535 480.142
 59.660   9.517 480.180
 59.760   9.500 480.217
 59.860   9.483 480.255
 59.960   9.465 480.292
 60.060   9.448 480.330
 60.160   9.431 480.367
 60.260   9.414 480.404
 60.360   9.397 480.441
 60.460   9.380 480.477
 60.561   9.363 480.514
 60.661   9.346 480.550
 60.761   9.330 480.587
 60.861   9.313 480.623
 60.961   9.296 480.659
 61.061   9.280 480.695
 61.161   9.263 480.731
 61.261   9.247 480.766
 61.361   9.230 480.802
 61.461   9.214 480.837
 61.562   9.198 480.873
 61.662   9.182 480.908
 61.762   9.165 480.943
 61.862   9.149 480.978
 61.962   9.133 481.013
 62.062   9.117 481.047
 62.162   9.101 481.082
 62.262   9.085 481.116
 62.362   9.069 481.150
 62.462   9.054 481.185
 62.563   9.038 481.219
 62.663   9.022 481.253
 62.763   9.007 481.286
 62.863   8.991 481.320
 62.963   8.975 481.354
 63.063   8.960 481.387
 63.163   8.945 481.420
 63.263   8.929 481.454
 63.363   8.914 481.487
 63.463   8.899 481.520
 63.564   8.883 481.553
 63.664   8.868 481.585
 63.764   8.853 481.618
 63.864   8.838 481.650
 63.964   8.823 481.683
 64.064   8.808 481.715
 64.164   8.793 481.747
 64.264   8.778 481.779
 64.364   8.763 481.811
 64.464   8.749 481.843
 64.565   8.734 481.875
 64.665   8.719 481.907
 64.765   8.705 481.938
 64.865   8.690 481.970
 64.965   8.676 482.001
 65.065   8.661 482.032
 65.165   8.647 482.063
 65.265   8.632 482.094
 65.365   8.618 482.125
 65.465   8.604 482.156
 65.566   8.589 482.187
 65.666   8.575 482.217
 65.766   8.561 482.248
 65.866   8.547 482.278
 65.966   8.533 482.308
 66.066   8.519 482.338
 66.166   8.505 482.369
 66.266   8.491 482.399
 66.366   8.477 482.428
 66.466   8.463 482.458
 66.567   8.449 482.488
 66.667   8.436 482.517
 66.767   8.422 482.547
 66.867   8.408 482.576
 66.967   8.395 482.606
 67.067   8.381 482.635
 67.167   8.368 482.664
 67.267   8.354 482.693
 67.367   8.341 482.722
 67.467   8.327 482.751
 67.568   8.314 482.779
 67.668   8.301 482.808
 67.768   8.287 482.836
 67.868   8.274 482.865
 67.968   8.261 482.893
 68.068   8.248 482.921
 68.168   8.235 482.950
 68.268   8.221 482.978
 68.368   8.208 483.006
 68.468   8.195 483.033
 68.569   8.182 483.061
 68.669   8.170 483.089
 68.769   8.157 483.117
 68.869   8.144 483.144
 68.969   8.131 483.172
 69.069   8.118 483.199
 69.169   8.106 483.226
 69.269   8.093 483.253
 69.369   8.080 483.280
 69.469   8.068 483.307
 69.570   8.055 483.334
 69.670   8.043 483.361
 69.770   8.030 483.388
 69.870   8.018 483.415
 69.970   8.005 483.441
 70.070   7.993 483.468
 70.170   7.981 483.494
 70.270   7.968 483.520
 70.370   7.956 483.547
 70.470   7.944 483.573
 70.571   7.932 483.599
 70.671   7.919 483.625
 70.771   7.907 483.651
 70.871   7.895 483.677
 70.971   7.883 483.702
 71.071   7.871 483.728
 71.171   7.859 483.754
 71.271   7.847 483.779
 71.371   7.835 483.805
 71.471   7.824 483.830
 71.572   7.812 483.855
 71.672   7.800 483.881
 71.772   7.788 483.906
 71.872   7.776 483.931
 71.972   7.765 483.956
 72.072   7.753 483.981
 72.172   7.741 484.005
 72.272   7.730 484.030
 72.372   7.718 484.055
 72.472   7.707 484.079
 72.573   7.695 484.104
 72.673   7.684 484.128
 72.773   7.672 484.153
 72.873   7.661 484.177
 72.973   7.650 484.201
 73.073   7.638 484.226
 73.173   7.627 484.250
 73.273   7.616 484.274
 73.373   7.605 484.298
 73.473   7.593 484.321
 73.574   7.582 484.345
 73.674   7.571 484.369
 73.774   7.560 484.393
 73.874   7.549 484.416
 73.974   7.538 484.440
 74.074   7.527 484.463
 74.174   7.516 484.487
 74.274   7.505 484.510
 74.374   7.494 484.533
 74.474   7.483 484.556
 74.575   7.473 484.579
 74.675   7.462 484.602
 74.775   7.451 484.625
 74.875   7.440 484.648
 74.975   7.429 484.671
 75.075   7.419 484.694
 75.175   7.408 484.717
 75.275   7.398 484.739
 75.375   7.387 484.762
 75.475   7.376 484.784
 75.576   7.366 484.807
 75.676   7.355 484.829
 75.776   7.345 484.851
 75.876   7.334 484.874
 75.976   7.324 484.896
 76.076   7.314 484.918
 76.176   7.303 484.940
 76.276   7.293 484.962
 76.376   7.283 484.984
 76.476   7.272 485.006
 76.577   7.262 485.028
 76.677   7.252 485.049
 76.777   7.242 485.071
 76.877   7.231 485.093
 76.977   7.221 485.114
 77.077   7.211 485.136
 77.177   7.201 485.157
 77.277   7.191 485.178
 77.377   7.181 485.200
 77.477   7.171 485.221
 77.578   7.161 485.242
 77.678   7.151 485.263
 77.778   7.141 485.284
 77.878   7.131 485.305
 77.978   7.122 485.326
 78.078   7.112 485.347
 78.178   7.102 485.368
 78.278   7.092 485.389
 78.378   7.082 485.410
 78.478   7.073 485.430
 78.579   7.063 485.451
 78.679   7.053 485.471
 78.779   7.044 485.492
 78.879   7.034 485.512
 78.979   7.024 485.533
 79.079   7.015 485.553
 79.179   7.005 485.573
 79.279   6.996 485.593
 79.379   6.986 485.614
 79.479   6.977 485.634
 79.580   6.967 485.654
 79.680   6.958 485.674
 79.780   6.949 485.694
 79.880   6.939 485.713
 79.980   6.930 485.733
 80.080   6.920 485.753
 80.180   6.911 485.773
 80.280   6.902 485.792
 80.380   6.893 485.812
 80.480   6.883 485.832
 80.581   6.874 485.851
 80.681   6.865 485.871
 80.781   6.856 485.890
 80.881   6.847 485.909
 80.981   6.838 485.929
 81.081   6.829 485.948
 81.181   6.820 485.967
 81.281   6.811 485.986
 81.381   6.802 486.005
 81.481   6.793 486.024
 81.582   6.784 486.043
 81.682   6.775 486.062
 81.782   6.766 486.081
 81.882   6.757 486.100
 81.982   6.748 486.119
 82.082   6.739 486.137
 82.182   6.730 486.156
 82.282   6.722 486.175
 82.382   6.713 486.193
 82.482   6.704 486.212
 82.583   6.695 486.230
 82.683   6.687 486.249
 82.783   6.678 486.267
 82.883   6.669 486.285
 82.983   6.661 486.304
 83.083   6.652 486.322
 83.183   6.643 486.340
 83.283   6.635 486.358
 83.383   6.626 486.376
 83.483   6.618 486.394
 83.584   6.609 486.412
 83.684   6.601 486.430
 83.784   6.592 486.448
 83.884   6.584 486.466
 83.984   6.575 486.484
 84.084   6.567 486.502
 84.184   6.559 486.519
 84.284   6.550 486.537
 84.384   6.542 486.555
 84.484   6.534 486.572
 84.585   6.525 486.590
 84.685   6.517 486.607
 84.785   6.509 486.625
 84.885   6.500 486.642
 84.985   6.492 486.660
 85.085   6.484 486.677
 85.185   6.476 486.694
 85.285   6.468 486.711
 85.385   6.460 486.729
 85.485   6.451 486.746
 85.586   6.443 486.763
 85.686   6.435 486.780
 85.786   6.427 486.797
 85.886   6.419 486.814
 85.986   6.411 486.831
 86.086   6.403 486.848
 86.186   6.395 486.864
 86.286   6.387 486.881
 86.386   6.379 486.898
 86.486   6.371 486.915
 86.587   6.363 486.931
 86.687   6.356 486.948
 86.787   6.348 486.965
 86.887   6.340 486.981
 86.987   6.332 486.998
 87.087   6.324 487.014
 87.187   6.317 487.031
 87.287   6.309 487.047
 87.387   6.301 487.063
 87.487   6.293 487.080
 87.588   6.286 487.096
 87.688   6.278 487.112
 87.788   6.270 487.128
 87.888   6.263 487.144
 87.988   6.255 487.160
 88.088   6.247 487.177
 88.188   6.240 487.193
 88.288   6.232 487.209
 88.388   6.225 487.224
 88.488   6.217 487.240
 88.589   6.209 487.256
 88.689   6.202 487.272
 88.789   6.194 487.288
 88.889   6.187 487.304
 88.989   6.180 487.319
 89.089   6.172 487.335
 89.189   6.165 487.351
 89.289   6.157 487.366
 89.389   6.150 487.382
 89.489   6.143 487.397
 89.590   6.135 487.413
 89.690   6.128 487.428
 89.790   6.121 487.444
 89.890   6.113 487.459
 89.990   6.106 487.474
 90.090   6.099 487.490
 90.190   6.091 487.505
 90.290   6.084 487.520
 90.390   6.077 487.535
 90.490   6.070 487.550
 90.591   6.063 487.565
 90.691   6.055 487.581
 90.791   6.048 487.596
 90.891   6.041 487.611
 90.991   6.034 487.626
 91.091   6.027 487.641
 91.191   6.020 487.655
 91.291   6.013 487.670
 91.391   6.006 487.685
 91.491   5.999 487.700
 91.592   5.992 487.715
 91.692   5.985 487.729
 91.792   5.978 487.744
 91.892   5.971 487.759
 91.992   5.964 487.773
 92.092   5.957 487.788
 92.192   5.950 487.802
 92.292   5.943 487.817
 92.392   5.936 487.831
 92.492   5.929 487.846
 92.593   5.922 487.860
 92.693   5.916 487.875
 92.793   5.909 487.889
 92.893   5.902 487.903
 92.993   5.895 487.918
 93.093   5.888 487.932
 93.193   5.882 487.946
 93.293   5.875 487.960
 93.393   5.868 487.974
 93.493   5.861 487.988
 93.594   5.855 488.003
 93.694   5.848 488.017
 93.794   5.841 488.031
 93.894   5.835 488.045
 93.994   5.828 488.059
 94.094   5.822 488.072
 94.194   5.815 488.086
 94.294   5.808 488.100
 94.394   5.802 488.114
 94.494   5.795 488.128
 94.595   5.789 488.142
 94.695   5.782 488.155
 94.795   5.776 488.169
 94.895   5.769 488.183
 94.995   5.763 488.196
 95.095   5.756 488.210
 95.195   5.750 488.223
 95.295   5.743 488.237
 95.395   5.737 488.251
 95.495   5.730 488.264
 95.596   5.724 488.277
 95.696   5.717 488.291
 95.796   5.711 488.304
 95.896   5.705 488.318
 95.996   5.698 488.331
 96.096   5.692 488.344
 96.196   5.686 488.357
 96.296   5.679 488.371
 96.396   5.673 488.384
 96.496   5.667 488.397
 96.597   5.661 488.410
 96.697   5.654 488.423
 96.797   5.648 488.436
 96.897   5.642 488.450
 96.997   5.636 488.463
 97.097   5.629 488.476
 97.197   5.623 488.489
 97.297   5.617 488.501
 97.397   5.611 488.514
 97.497   5.605 488.527
 97.598   5.599 488.540
 97.698   5.592 488.553
 97.798   5.586 488.566
 97.898   5.580 488.579
 97.998   5.574 488.591
 98.098   5.568 488.604
 98.198   5.562 488.617
 98.298   5.556 488.629
 98.398   5.550 488.642
 98.498   5.544 488.655
 98.599   5.538 488.667
 98.699   5.532 488.680
 98.799   5.526 488.692
 98.899   5.520 488.705
 98.999   5.514 488.717
 99.099   5.508 488.730
 99.199   5.502 488.742
 99.299   5.496 488.754
 99.399   5.490 488.767
 99.499   5.485 488.779
 99.600   5.479 488.791
 99.700   5.473 488.804
 99.800   5.467 488.816
 99.900   5.461 488.828
100.000   5.455 488.840
