# ALPHA_1 0.002
# ALPHA_2 0.001
# BETTA_1 0.004
# BETTA_2 0.001
# GAMMA_1 0.500
# GAMMA_2 0.500
# Y0 150.000
# Z0 264.000
# X_BEG 0.000
# X_END 100.000
# XDOTS_NUM 1000
# DX 0.100
  0.000 150.000 264.000
  0.100 144.798 262.474
  0.200 140.073 261.251
  0.300 135.762 260.298
  0.400 131.812 259.584
  0.501 128.179 259.084
  0.601 124.825 258.776
  0.701 121.720 258.642
  0.801 118.834 258.663
  0.901 116.145 258.827
  1.001 113.633 259.120
  1.101 111.279 259.530
  1.201 109.069 260.047
  1.301 106.988 260.662
  1.401 105.025 261.368
  1.502 103.169 262.156
  1.602 101.411 263.019
  1.702  99.743 263.952
  1.802  98.156 264.950
  1.902  96.644 266.006
  2.002  95.202 267.116
  2.102  93.823 268.276
  2.202  92.503 269.482
  2.302  91.238 270.730
  2.402  90.024 272.017
  2.503  88.856 273.340
  2.603  87.732 274.695
  2.703  86.649 276.080
  2.803  85.603 277.492
  2.903  84.593 278.929
  3.003  83.616 280.388
  3.103  82.670 281.868
  3.203  81.753 283.367
  3.303  80.863 284.882
  3.403  79.998 286.411
  3.504  79.158 287.954
  3.604  78.340 289.508
  3.704  77.544 291.073
  3.804  76.768 292.645
  3.904  76.011 294.225
  4.004  75.272 295.811
  4.104  74.551 297.402
  4.204  73.845 298.996
  4.304  73.155 300.593
  4.404  72.480 302.191
  4.505  71.818 303.790
  4.605  71.170 305.388
  4.705  70.535 306.985
  4.805  69.912 308.580
  4.905  69.300 310.172
  5.005  68.699 311.761
  5.105  68.109 313.345
  5.205  67.529 314.925
  5.305  66.959 316.499
  5.405  66.399 318.066
  5.506  65.847 319.627
  5.606  65.304 321.181
  5.706  64.770 322.727
  5.806  64.243 324.265
  5.906  63.725 325.794
  6.006  63.214 327.314
  6.106  62.710 328.825
  6.206  62.214 330.326
  6.306  61.724 331.817
  6.406  61.241 333.298
  6.507  60.764 334.768
  6.607  60.294 336.227
  6.707  59.830 337.675
  6.807  59.372 339.111
  6.907  58.919 340.536
  7.007  58.473 341.949
  7.107  58.032 343.350
  7.207  57.596 344.739
  7.307  57.165 346.115
  7.407  56.740 347.480
  7.508  56.320 348.831
  7.608  55.904 350.170
  7.708  55.494 351.497
  7.808  55.088 352.810
  7.908  54.687 354.111
  8.008  54.290 355.399
  8.108  53.898 356.674
  8.208  53.511 357.936
  8.308  53.127 359.185
  8.408  52.748 360.421
  8.509  52.373 361.644
  8.609  52.002 362.855
  8.709  51.635 364.052
  8.809  51.272 365.236
  8.909  50.913 366.408
  9.009  50.558 367.566
  9.109  50.207 368.712
  9.209  49.859 369.845
  9.309  49.515 370.966
  9.409  49.175 372.074
  9.510  48.838 373.169
  9.610  48.505 374.252
  9.710  48.175 375.322
  9.810  47.849 376.380
  9.910  47.526 377.426
 10.010  47.206 378.460
 10.110  46.890 379.482
 10.210  46.577 380.491
 10.310  46.267 381.489
 10.410  45.960 382.475
 10.511  45.657 383.450
 10.611  45.356 384.413
 10.711  45.059 385.364
 10.811  44.765 386.304
 10.911  44.473 387.233
 11.011  44.185 388.151
 11.111  43.899 389.058
 11.211  43.617 389.954
 11.311  43.337 390.839
 11.411  43.060 391.713
 11.512  42.785 392.577
 11.612  42.514 393.431
 11.712  42.245 394.274
 11.812  41.979 395.107
 11.912  41.715 395.930
 12.012  41.454 396.743
 12.112  41.196 397.546
 12.212  40.940 398.340
 12.312  40.687 399.124
 12.412  40.436 399.898
 12.513  40.188 400.663
 12.613  39.942 401.419
 12.713  39.699 402.166
 12.813  39.458 402.903
 12.913  39.219 403.632
 13.013  38.983 404.352
 13.113  38.749 405.064
 13.213  38.517 405.767
 13.313  38.287 406.461
 13.413  38.060 407.147
 13.514  37.835 407.825
 13.614  37.612 408.495
 13.714  37.391 409.157
 13.814  37.172 409.810
 13.914  36.955 410.457
 14.014  36.741 411.095
 14.114  36.528 411.726
 14.214  36.318 412.349
 14.314  36.109 412.966
 14.414  35.903 413.574
 14.515  35.698 414.176
 14.615  35.496 414.771
 14.715  35.295 415.358
 14.815  35.096 415.939
 14.915  34.899 416.513
 15.015  34.704 417.081
 15.115  34.511 417.641
 15.215  34.319 418.196
 15.315  34.130 418.744
 15.415  33.942 419.285
 15.516  33.756 419.821
 15.616  33.571 420.350
 15.716  33.389 420.873
 15.816  33.207 421.391
 15.916  33.028 421.902
 16.016  32.850 422.408
 16.116  32.674 422.908
 16.216  32.500 423.402
 16.316  32.327 423.891
 16.416  32.155 424.374
 16.517  31.986 424.852
 16.617  31.817 425.325
 16.717  31.651 425.792
 16.817  31.485 426.255
 16.917  31.321 426.712
 17.017  31.159 427.164
 17.117  30.998 427.611
 17.217  30.839 428.054
 17.317  30.681 428.491
 17.417  30.524 428.924
 17.518  30.369 429.352
 17.618  30.215 429.776
 17.718  30.063 430.195
 17.818  29.912 430.610
 17.918  29.762 431.020
 18.018  29.613 431.426
 18.118  29.466 431.827
 18.218  29.320 432.225
 18.318  29.176 432.618
 18.418  29.032 433.007
 18.519  28.890 433.392
 18.619  28.749 433.773
 18.719  28.609 434.150
 18.819  28.471 434.523
 18.919  28.333 434.892
 19.019  28.197 435.258
 19.119  28.062 435.620
 19.219  27.928 435.978
 19.319  27.795 436.333
 19.419  27.664 436.684
 19.520  27.533 437.031
 19.620  27.404 437.375
 19.720  27.275 437.715
 19.820  27.148 438.053
 19.920  27.022 438.386
 20.020  26.897 438.717
 20.120  26.773 439.044
 20.220  26.649 439.368
 20.320  26.527 439.689
 20.420  26.406 440.007
 20.521  26.286 440.322
 20.621  26.167 440.634
 20.721  26.049 440.942
 20.821  25.932 441.248
 20.921  25.815 441.551
 21.021  25.700 441.851
 21.121  25.586 442.148
 21.221  25.472 442.442
 21.321  25.360 442.734
 21.421  25.248 443.022
 21.522  25.137 443.309
 21.622  25.027 443.592
 21.722  24.918 443.873
 21.822  24.810 444.151
 21.922  24.703 444.427
 22.022  24.596 444.700
 22.122  24.490 444.971
 22.222  24.386 445.239
 22.322  24.282 445.504
 22.422  24.178 445.768
 22.523  24.076 446.029
 22.623  23.974 446.287
 22.723  23.873 446.544
 22.823  23.773 446.798
 22.923  23.674 447.050
 23.023  23.576 447.299
 23.123  23.478 447.547
 23.223  23.381 447.792
 23.323  23.284 448.035
 23.423  23.189 448.276
 23.524  23.094 448.515
 23.624  23.000 448.752
 23.724  22.906 448.986
 23.824  22.813 449.219
 23.924  22.721 449.450
 24.024  22.630 449.679
 24.124  22.539 449.906
 24.224  22.449 450.131
 24.324  22.360 450.354
 24.424  22.271 450.575
 24.525  22.183 450.794
 24.625  22.095 451.012
 24.725  22.009 451.227
 24.825  21.922 451.441
 24.925  21.837 451.653
 25.025  21.752 451.864
 25.125  21.668 452.072
 25.225  21.584 452.279
 25.325  21.501 452.485
 25.425  21.418 452.688
 25.526  21.336 452.890
 25.626  21.255 453.091
 25.726  21.174 453.289
 25.826  21.094 453.486
 25.926  21.014 453.682
 26.026  20.935 453.876
 26.126  20.857 454.069
 26.226  20.779 454.260
 26.326  20.701 454.449
 26.426  20.624 454.637
 26.527  20.548 454.824
 26.627  20.472 455.009
 26.727  20.397 455.192
 26.827  20.322 455.374
 26.927  20.247 455.555
 27.027  20.174 455.735
 27.127  20.100 455.913
 27.227  20.027 456.089
 27.327  19.955 456.265
 27.427  19.883 456.439
 27.528  19.812 456.612
 27.628  19.741 456.783
 27.728  19.671 456.953
 27.828  19.601 457.122
 27.928  19.531 457.290
 28.028  19.462 457.456
 28.128  19.394 457.621
 28.228  19.326 457.785
 28.328  19.258 457.948
 28.428  19.191 458.109
 28.529  19.124 458.270
 28.629  19.058 458.429
 28.729  18.992 458.587
 28.829  18.926 458.744
 28.929  18.861 458.899
 29.029  18.797 459.054
 29.129  18.732 459.208
 29.229  18.669 459.360
 29.329  18.605 459.511
 29.429  18.542 459.662
 29.530  18.480 459.811
 29.630  18.417 459.959
 29.730  18.356 460.106
 29.830  18.294 460.252
 29.930  18.233 460.397
 30.030  18.172 460.541
 30.130  18.112 460.684
 30.230  18.052 460.826
 30.330  17.993 460.967
 30.430  17.934 461.107
 30.531  17.875 461.247
 30.631  17.817 461.385
 30.731  17.758 461.522
 30.831  17.701 461.658
 30.931  17.643 461.794
 31.031  17.586 461.928
 31.131  17.530 462.062
 31.231  17.473 462.195
 31.331  17.418 462.326
 31.431  17.362 462.457
 31.532  17.307 462.587
 31.632  17.252 462.717
 31.732  17.197 462.845
 31.832  17.143 462.972
 31.932  17.089 463.099
 32.032  17.035 463.225
 32.132  16.982 463.350
 32.232  16.929 463.474
 32.332  16.876 463.597
 32.432  16.824 463.720
 32.533  16.772 463.842
 32.633  16.720 463.963
 32.733  16.668 464.083
 32.833  16.617 464.203
 32.933  16.566 464.321
 33.033  16.516 464.439
 33.133  16.466 464.556
 33.233  16.416 464.673
 33.333  16.366 464.789
 33.433  16.316 464.904
 33.534  16.267 465.018
 33.634  16.218 465.132
 33.734  16.170 465.244
 33.834  16.122 465.357
 33.934  16.074 465.468
 34.034  16.026 465.579
 34.134  15.978 465.689
 34.234  15.931 465.798
 34.334  15.884 465.907
 34.434  15.837 466.015
 34.535  15.791 466.123
 34.635  15.745 466.229
 34.735  15.699 466.335
 34.835  15.653 466.441
 34.935  15.608 466.546
 35.035  15.563 466.650
 35.135  15.518 466.754
 35.235  15.473 466.857
 35.335  15.429 466.959
 35.435  15.385 467.061
 35.536  15.341 467.162
 35.636  15.297 467.262
 35.736  15.254 467.362
 35.836  15.210 467.462
 35.936  15.167 467.561
 36.036  15.125 467.659
 36.136  15.082 467.756
 36.236  15.040 467.853
 36.336  14.998 467.950
 36.436  14.956 468.046
 36.537  14.914 468.141
 36.637  14.873 468.236
 36.737  14.832 468.330
 36.837  14.791 468.424
 36.937  14.750 468.517
 37.037  14.710 468.610
 37.137  14.669 468.702
 37.237  14.629 468.794
 37.337  14.589 468.885
 37.437  14.550 468.976
 37.538  14.510 469.066
 37.638  14.471 469.156
 37.738  14.432 469.245
 37.838  14.393 469.333
 37.938  14.354 469.421
 38.038  14.316 469.509
 38.138  14.278 469.596
 38.238  14.239 469.683
 38.338  14.202 469.769
 38.438  14.164 469.855
 38.539  14.126 469.940
 38.639  14.089 470.025
 38.739  14.052 470.109
 38.839  14.015 470.193
 38.939  13.978 470.276
 39.039  13.942 470.359
 39.139  13.905 470.442
 39.239  13.869 470.524
 39.339  13.833 470.605
 39.439  13.797 470.687
 39.540  13.762 470.767
 39.640  13.726 470.848
 39.740  13.691 470.928
 39.840  13.656 471.007
 39.940  13.621 471.086
 40.040  13.586 471.165
 40.140  13.552 471.243
 40.240  13.517 471.321
 40.340  13.483 471.398
 40.440  13.449 471.475
 40.541  13.415 471.552
 40.641  13.381 471.628
 40.741  13.347 471.704
 40.841  13.314 471.779
 40.941  13.281 471.854
 41.041  13.248 471.929
 41.141  13.215 472.003
 41.241  13.182 472.077
 41.341  13.149 472.151
 41.441  13.117 472.224
 41.542  13.084 472.296
 41.642  13.052 472.369
 41.742  13.020 472.441
 41.842  12.988 472.513
 41.942  12.956 472.584
 42.042  12.925 472.655
 42.142  12.893 472.725
 42.242  12.862 472.796
 42.342  12.831 472.865
 42.442  12.800 472.935
 42.543  12.769 473.004
 42.643  12.738 473.073
 42.743  12.708 473.141
 42.843  12.677 473.210
 42.943  12.647 473.277
 43.043  12.617 473.345
 43.143  12.587 473.412
 43.243  12.557 473.479
 43.343  12.527 473.545
 43.443  12.498 473.612
 43.544  12.468 473.678
 43.644  12.439 473.743
 43.744  12.410 473.808
 43.844  12.381 473.873
 43.944  12.352 473.938
 44.044  12.323 474.002
 44.144  12.294 474.066
 44.244  12.266 474.130
 44.344  12.237 474.193
 44.444  12.209 474.256
 44.545  12.181 474.319
 44.645  12.153 474.381
 44.745  12.125 474.444
 44.845  12.097 474.506
 44.945  12.070 474.567
 45.045  12.042 474.628
 45.145  12.015 474.689
 45.245  11.987 474.750
 45.345  11.960 474.811
 45.445  11.933 474.871
 45.546  11.906 474.931
 45.646  11.879 474.990
 45.746  11.853 475.050
 45.846  11.826 475.109
 45.946  11.800 475.168
 46.046  11.773 475.226
 46.146  11.747 475.284
 46.246  11.721 475.342
 46.346  11.695 475.400
 46.446  11.669 475.458
 46.547  11.643 475.515
 46.647  11.617 475.572
 46.747  11.592 475.628
 46.847  11.566 475.685
 46.947  11.541 475.741
 47.047  11.516 475.797
 47.147  11.491 475.853
 47.247  11.466 475.908
 47.347  11.441 475.963
 47.447  11.416 476.018
 47.548  11.391 476.073
 47.648  11.366 476.127
 47.748  11.342 476.181
 47.848  11.318 476.235
 47.948  11.293 476.289
 48.048  11.269 476.343
 48.148  11.245 476.396
 48.248  11.221 476.449
 48.348  11.197 476.502
 48.448  11.173 476.554
 48.549  11.149 476.607
 48.649  11.126 476.659
 48.749  11.102 476.711
 48.849  11.079 476.762
 48.949  11.056 476.814
 49.049  11.032 476.865
 49.149  11.009 476.916
 49.249  10.986 476.967
 49.349  10.963 477.017
 49.449  10.940 477.068
 49.550  10.918 477.118
 49.650  10.895 477.168
 49.750  10.872 477.217
 49.850  10.850 477.267
 49.950  10.827 477.316
 50.050  10.805 477.365
 50.150  10.783 477.414
 50.250  10.761 477.463
 50.350  10.739 477.511
 50.450  10.717 477.559
 50.551  10.695 477.607
 50.651  10.673 477.655
 50.751  10.651 477.703
 50.851  10.630 477.750
 50.951  10.608 477.798
 51.051  10.587 477.845
 51.151  10.565 477.891
 51.251  10.544 477.938
 51.351  10.523 477.985
 51.451  10.502 478.031
 51.552  10.481 478.077
 51.652  10.460 478.123
 51.752  10.439 478.169
 51.852  10.418 478.214
 51.952  10.398 478.259
 52.052  10.377 478.305
 52.152  10.356 478.350
 52.252  10.336 478.394
 52.352  10.316 478.439
 52.452  10.295 478.483
 52.553  10.275 478.528
 52.653  10.255 478.572
 52.753  10.235 478.616
 52.853  10.215 478.659
 52.953  10.195 478.703
 53.053  10.175 478.746
 53.153  10.155 478.790
 53.253  10.136 478.833
 53.353  10.116 478.875
 53.453  10.096 478.918
 53.554  10.077 478.961
 53.654  10.058 479.003
 53.754  10.038 479.045
 53.854  10.019 479.087
 53.954  10.000 479.129
 54.054   9.981 479.171
 54.154   9.962 479.212
 54.254   9.943 479.254
 54.354   9.924 479.295
 54.454   9.905 479.336
 54.555   9.886 479.377
 54.655   9.868 479.418
 54.755   9.849 479.458
 54.855   9.830 479.499
 54.955   9.812 479.539
 55.055   9.793 479.579
 55.155   9.775 479.619
 55.255   9.757 479.659
 55.355   9.739 479.699
 55.455   9.720 479.738
 55.556   9.702 479.777
 55.656   9.684 479.817
 55.756   9.666 479.856
 55.856   9.649 479.895
 55.956   9.631 479.933
 56.056   9.613 479.972
 56.156   9.595 480.010
 56.256   9.578 480.049
 56.356   9.560 480.087
 56.456   9.543 480.125
 56.557   9.525 480.163
 56.657   9.508 480.201
 56.757   9.490 480.238
 56.857   9.473 480.276
 56.957   9.456 480.313
 57.057   9.439 480.350
 57.157   9.422 480.387
 57.257   9.405 480.424
 57.357   9.388 480.461
 57.457   9.371 480.498
 57.558   9.354 480.534
 57.658   9.337 480.571
 57.758   9.320 480.607
 57.858   9.304 480.643
 57.958   9.287 480.679
 58.058   9.271 480.715
 58.158   9.254 480.751
 58.258   9.238 480.786
 58.358   9.221 480.822
 58.458   9.205 480.857
 58.559   9.189 480.892
 58.659   9.173 480.927
 58.759   9.156 480.962
 58.859   9.140 480.997
 58.959   9.124 481.032
 59.059   9.108 481.066
 59.159   9.092 481.101
 59.259   9.077 481.135
 59.359   9.061 481.169
 59.459   9.045 481.203
 59.560   9.029 481.237
 59.660   9.014 481.271
 59.760   8.998 481.305
 59.860   8.982 481.339
 59.960   8.967 481.372
 60.060   8.951 481.406
 60.160   8.936 481.439
 60.260   8.921 481.472
 60.360   8.905 481.505
 60.460   8.890 481.538
 60.561   8.875 481.571
 60.661   8.860 481.603
 60.761   8.845 481.636
 60.861   8.830 481.668
 60.961   8.815 481.701
 61.061   8.800 481.733
 61.161   8.785 481.765
 61.261   8.770 481.797
 61.361   8.755 481.829
 61.461   8.741 481.861
 61.562   8.726 481.893
 61.662   8.711 481.924
 61.762   8.697 481.956
 61.862   8.682 481.987
 61.962   8.668 482.018
 62.062   8.653 482.049
 62.162   8.639 482.080
 62.262   8.624 482.111
 62.362   8.610 482.142
 62.462   8.596 482.173
 62.563   8.582 482.204
 62.663   8.567 482.234
 62.763   8.553 482.264
 62.863   8.539 482.295
 62.963   8.525 482.325
 63.063   8.511 482.355
 63.163   8.497 482.385
 63.263   8.483 482.415
 63.363   8.469 482.445
 63.463   8.456 482.475
 63.564   8.442 482.504
 63.664   8.428 482.534
 63.764   8.414 482.563
 63.864   8.401 482.592
 63.964   8.387 482.622
 64.064   8.374 482.651
 64.164   8.360 482.680
 64.264   8.347 482.709
 64.364   8.333 482.738
 64.464   8.320 482.766
 64.565   8.306 482.795
 64.665   8.293 482.824
 64.765   8.280 482.852
 64.865   8.267 482.880
 64.965   8.254 482.909
 65.065   8.240 482.937
 65.165   8.227 482.965
 65.265   8.214 482.993
 65.365   8.201 483.021
 65.465   8.188 483.049
 65.566   8.175 483.077
 65.666   8.162 483.104
 65.766   8.150 483.132
 65.866   8.137 483.159
 65.966   8.124 483.187
 66.066   8.111 483.214
 66.166   8.099 483.241
 66.266   8.086 483.268
 66.366   8.073 483.295
 66.466   8.061 483.322
 66.567   8.048 483.349
 66.667   8.036 483.376
 66.767   8.023 483.403
 66.867   8.011 483.429
 66.967   7.998 483.456
 67.067   7.986 483.482
 67.167   7.974 483.509
 67.267   7.961 483.535
 67.367   7.949 483.561
 67.467   7.937 483.587
 67.568   7.925 483.613
 67.668   7.913 483.639
 67.768   7.901 483.665
 67.868   7.889 483.691
 67.968   7.877 483.717
 68.068   7.865 483.742
 68.168   7.853 483.768
 68.268   7.841 483.793
 68.368   7.829 483.819
 68.468   7.817 483.844
 68.569   7.805 483.869
 68.669   7.793 483.894
 68.769   7.782 483.920
 68.869   7.770 483.945
 68.969   7.758 483.969
 69.069   7.747 483.994
 69.169   7.735 484.019
 69.269   7.723 484.044
 69.369   7.712 484.068
 69.469   7.700 484.093
 69.570   7.689 484.117
 69.670   7.678 484.142
 69.770   7.666 484.166
 69.870   7.655 484.191
 69.970   7.643 484.215
 70.070   7.632 484.239
 70.170   7.621 484.263
 70.270   7.610 484.287
 70.370   7.598 484.311
 70.470   7.587 484.335
 70.571   7.576 484.358
 70.671   7.565 484.382
 70.771   7.554 484.406
 70.871   7.543 484.429
 70.971   7.532 484.453
 71.071   7.521 484.476
 71.171   7.510 484.499
 71.271   7.499 484.523
 71.371   7.488 484.546
 71.471   7.477 484.569
 71.572   7.467 484.592
 71.672   7.456 484.615
 71.772   7.445 484.638
 71.872   7.434 484.661
 71.972   7.424 484.684
 72.072   7.413 484.706
 72.172   7.402 484.729
 72.272   7.392 484.752
 72.372   7.381 484.774
 72.472   7.371 484.797
 72.573   7.360 484.819
 72.673   7.350 484.841
 72.773   7.339 484.864
 72.873   7.329 484.886
 72.973   7.318 484.908
 73.073   7.308 484.930
 73.173   7.297 484.952
 73.273   7.287 484.974
 73.373   7.277 484.996
 73.473   7.267 485.018
 73.574   7.256 485.040
 73.674   7.246 485.061
 73.774   7.236 485.083
 73.874   7.226 485.104
 73.974   7.216 485.126
 74.074   7.206 485.147
 74.174   7.196 485.169
 74.274   7.186 485.190
 74.374   7.176 485.211
 74.474   7.166 485.233
 74.575   7.156 485.254
 74.675   7.146 485.275
 74.775   7.136 485.296
 74.875   7.126 485.317
 74.975   7.116 485.338
 75.075   7.106 485.359
 75.175   7.096 485.380
 75.275   7.087 485.400
 75.375   7.077 485.421
 75.475   7.067 485.442
 75.576   7.058 485.462
 75.676   7.048 485.483
 75.776   7.038 485.503
 75.876   7.029 485.524
 75.976   7.019 485.544
 76.076   7.010 485.564
 76.176   7.000 485.584
 76.276   6.991 485.605
 76.376   6.981 485.625
 76.476   6.972 485.645
 76.577   6.962 485.665
 76.677   6.953 485.685
 76.777   6.943 485.705
 76.877   6.934 485.724
 76.977   6.925 485.744
 77.077   6.915 485.764
 77.177   6.906 485.784
 77.277   6.897 485.803
 77.377   6.888 485.823
 77.477   6.878 485.842
 77.578   6.869 485.862
 77.678   6.860 485.881
 77.778   6.851 485.901
 77.878   6.842 485.920
 77.978   6.833 485.939
 78.078   6.824 485.958
 78.178   6.815 485.978
 78.278   6.806 485.997
 78.378   6.797 486.016
 78.478   6.788 486.035
 78.579   6.779 486.054
 78.679   6.770 486.073
 78.779   6.761 486.091
 78.879   6.752 486.110
 78.979   6.743 486.129
 79.079   6.734 486.148
 79.179   6.725 486.166
 79.279   6.717 486.185
 79.379   6.708 486.203
 79.479   6.699 486.222
 79.580   6.690 486.240
 79.680   6.682 486.259
 79.780   6.673 486.277
 79.880   6.664 486.295
 79.980   6.656 486.314
 80.080   6.647 486.332
 80.180   6.639 486.350
 80.280   6.630 486.368
 80.380   6.622 486.386
 80.480   6.613 486.404
 80.581   6.604 486.422
 80.681   6.596 486.440
 80.781   6.588 486.458
 80.881   6.579 486.476
 80.981   6.571 486.494
 81.081   6.562 486.512
 81.181   6.554 486.529
 81.281   6.546 486.547
 81.381   6.537 486.564
 81.481   6.529 486.582
 81.582   6.521 486.600
 81.682   6.512 486.617
 81.782   6.504 486.634
 81.882   6.496 486.652
 81.982   6.488 486.669
 82.082   6.480 486.686
 82.182   6.471 486.704
 82.282   6.463 486.721
 82.382   6.455 486.738
 82.482   6.447 486.755
 82.583   6.439 486.772
 82.683   6.431 486.789
 82.783   6.423 486.806
 82.883   6.415 486.823
 82.983   6.407 486.840
 83.083   6.399 486.857
 83.183   6.391 486.874
 83.283   6.383 486.891
 83.383   6.375 486.907
 83.483   6.367 486.924
 83.584   6.359 486.941
 83.684   6.351 486.957
 83.784   6.343 486.974
 83.884   6.336 486.990
 83.984   6.328 487.007
 84.084   6.320 487.023
 84.184   6.312 487.040
 84.284   6.304 487.056
 84.384   6.297 487.072
 84.484   6.289 487.089
 84.585   6.281 487.105
 84.685   6.274 487.121
 84.785   6.266 487.137
 84.885   6.258 487.153
 84.985   6.251 487.169
 85.085   6.243 487.185
 85.185   6.235 487.201
 85.285   6.228 487.217
 85.385   6.220 487.233
 85.485   6.213 487.249
 85.586   6.205 487.265
 85.686   6.198 487.281
 85.786   6.190 487.297
 85.886   6.183 487.312
 85.986   6.175 487.328
 86.086   6.168 487.344
 86.186   6.161 487.359
 86.286   6.153 487.375
 86.386   6.146 487.390
 86.486   6.138 487.406
 86.587   6.131 487.421
 86.687   6.124 487.437
 86.787   6.117 487.452
 86.887   6.109 487.467
 86.987   6.102 487.483
 87.087   6.095 487.498
 87.187   6.087 487.513
 87.287   6.080 487.528
 87.387   6.073 487.544
 87.487   6.066 487.559
 87.588   6.059 487.574
 87.688   6.052 487.589
 87.788   6.044 487.604
 87.888   6.037 487.619
 87.988   6.030 487.634
 88.088   6.023 487.649
 88.188   6.016 487.664
 88.288   6.009 487.678
 88.388   6.002 487.693
 88.488   5.995 487.708
 88.589   5.988 487.723
 88.689   5.981 487.737
 88.789   5.974 487.752
 88.889   5.967 487.767
 88.989   5.960 487.781
 89.089   5.953 487.796
 89.189   5.946 487.810
 89.289   5.939 487.825
 89.389   5.932 487.839
 89.489   5.926 487.854
 89.590   5.919 487.868
 89.690   5.912 487.883
 89.790   5.905 487.897
 89.890   5.898 487.911
 89.990   5.891 487.925
 90.090   5.885 487.940
 90.190   5.878 487.954
 90.290   5.871 487.968
 90.390   5.864 487.982
 90.490   5.858 487.996
 90.591   5.851 488.010
 90.691   5.844 488.024
 90.791   5.838 488.038
 90.891   5.831 488.052
 90.991   5.824 488.066
 91.091   5.818 488.080
 91.191   5.811 488.094
 91.291   5.805 488.108
 91.391   5.798 488.122
 91.491   5.792 488.135
 91.592   5.785 488.149
 91.692   5.778 488.163
 91.792   5.772 488.177
 91.892   5.765 488.190
 91.992   5.759 488.204
 92.092   5.752 488.217
 92.192   5.746 488.231
 92.292   5.740 488.244
 92.392   5.733 488.258
 92.492   5.727 488.271
 92.593   5.720 488.285
 92.693   5.714 488.298
 92.793   5.708 488.312
 92.893   5.701 488.325
 92.993   5.695 488.338
 93.093   5.689 488.352
 93.193   5.682 488.365
 93.293   5.676 488.378
 93.393   5.670 488.391
 93.493   5.663 488.404
 93.594   5.657 488.418
 93.694   5.651 488.431
 93.794   5.645 488.444
 93.894   5.638 488.457
 93.994   5.632 488.470
 94.094   5.626 488.483
 94.194   5.620 488.496
 94.294   5.614 488.509
 94.394   5.607 488.522
 94.494   5.601 488.534
 94.595   5.595 488.547
 94.695   5.589 488.560
 94.795   5.583 488.573
 94.895   5.577 488.586
 94.995   5.571 488.598
 95.095   5.565 488.611
 95.195   5.559 488.624
 95.295   5.553 488.636
 95.395   5.547 488.649
 95.495   5.541 488.662
 95.596   5.535 488.674
 95.696   5.529 488.687
 95.796   5.523 488.699
 95.896   5.517 488.712
 95.996   5.511 488.724
 96.096   5.505 488.737
 96.196   5.499 488.749
 96.296   5.493 488.761
 96.396   5.487 488.774
 96.496   5.481 488.786
 96.597   5.475 488.798
 96.697   5.470 488.811
 96.797   5.464 488.823
 96.897   5.458 488.835
 96.997   5.452 488.847
 97.097   5.446 488.859
 97.197   5.440 488.871
 97.297   5.435 488.884
 97.397   5.429 488.896
 97.497   5.423 488.908
 97.598   5.417 488.920
 97.698   5.412 488.932
 97.798   5.406 488.944
 97.898   5.400 488.956
 97.998   5.394 488.968
 98.098   5.389 488.980
 98.198   5.383 488.991
 98.298   5.377 489.003
 98.398   5.372 489.015
 98.498   5.366 489.027
 98.599   5.361 489.039
 98.699   5.355 489.050
 98.799   5.349 489.062
 98.899   5.344 489.074
 98.999   5.338 489.085
 99.099   5.333 489.097
 99.199   5.327 489.109
 99.299   5.321 489.120
 99.399   5.316 489.132
 99.499   5.310 489.144
 99.600   5.305 489.155
 99.700   5.299 489.167
 99.800   5.294 489.178
 99.900   5.288 489.189
100.000   5.283 489.201
