# ALPHA_1 0.002
# ALPHA_2 0.001
# BETTA_1 0.004
# BETTA_2 0.001
# GAMMA_1 0.500
# GAMMA_2 0.500
# Y0 150.000
# Z0 267.000
# X_BEG 0.000
# X_END 100.000
# XDOTS_NUM 1000
# DX 0.100
  0.000 150.000 267.000
  0.100 144.756 265.379
  0.200 139.996 264.071
  0.300 135.654 263.039
  0.400 131.678 262.253
  0.501 128.023 261.686
  0.601 124.650 261.317
  0.701 121.527 261.125
  0.801 118.626 261.093
  0.901 115.924 261.206
  1.001 113.400 261.452
  1.101 111.036 261.818
  1.201 108.817 262.293
  1.301 106.728 262.869
  1.401 104.758 263.536
  1.502 102.896 264.288
  1.602 101.132 265.117
  1.702  99.458 266.017
  1.802  97.867 266.983
  1.902  96.352 268.008
  2.002  94.906 269.089
  2.102  93.524 270.221
  2.202  92.202 271.400
  2.302  90.935 272.621
  2.402  89.718 273.882
  2.503  88.549 275.180
  2.603  87.424 276.510
  2.703  86.339 277.872
  2.803  85.293 279.260
  2.903  84.282 280.675
  3.003  83.305 282.112
  3.103  82.358 283.570
  3.203  81.441 285.047
  3.303  80.551 286.541
  3.403  79.687 288.050
  3.504  78.847 289.573
  3.604  78.029 291.107
  3.704  77.234 292.651
  3.804  76.458 294.205
  3.904  75.702 295.765
  4.004  74.964 297.332
  4.104  74.243 298.904
  4.204  73.539 300.480
  4.304  72.850 302.059
  4.404  72.175 303.639
  4.505  71.515 305.220
  4.605  70.868 306.801
  4.705  70.234 308.381
  4.805  69.612 309.959
  4.905  69.002 311.534
  5.005  68.403 313.106
  5.105  67.814 314.673
  5.205  67.236 316.236
  5.305  66.667 317.794
  5.405  66.108 319.345
  5.506  65.559 320.890
  5.606  65.017 322.428
  5.706  64.485 323.959
  5.806  63.960 325.481
  5.906  63.443 326.995
  6.006  62.934 328.500
  6.106  62.432 329.996
  6.206  61.937 331.482
  6.306  61.450 332.959
  6.406  60.969 334.425
  6.507  60.494 335.880
  6.607  60.026 337.325
  6.707  59.563 338.759
  6.807  59.107 340.181
  6.907  58.657 341.592
  7.007  58.212 342.991
  7.107  57.773 344.379
  7.207  57.339 345.754
  7.307  56.911 347.118
  7.407  56.487 348.469
  7.508  56.069 349.807
  7.608  55.656 351.134
  7.708  55.247 352.447
  7.808  54.843 353.748
  7.908  54.444 355.037
  8.008  54.050 356.313
  8.108  53.660 357.575
  8.208  53.274 358.826
  8.308  52.893 360.063
  8.408  52.515 361.287
  8.509  52.142 362.499
  8.609  51.773 363.698
  8.709  51.409 364.884
  8.809  51.048 366.057
  8.909  50.691 367.218
  9.009  50.337 368.366
  9.109  49.988 369.501
  9.209  49.642 370.624
  9.309  49.300 371.734
  9.409  48.962 372.832
  9.510  48.627 373.917
  9.610  48.296 374.990
  9.710  47.968 376.050
  9.810  47.644 377.099
  9.910  47.322 378.135
 10.010  47.005 379.159
 10.110  46.690 380.172
 10.210  46.379 381.172
 10.310  46.071 382.161
 10.410  45.766 383.138
 10.511  45.464 384.104
 10.611  45.166 385.058
 10.711  44.870 386.001
 10.811  44.578 386.933
 10.911  44.288 387.854
 11.011  44.001 388.763
 11.111  43.717 389.662
 11.211  43.436 390.550
 11.311  43.158 391.427
 11.411  42.883 392.294
 11.512  42.610 393.150
 11.612  42.340 393.997
 11.712  42.073 394.832
 11.812  41.809 395.658
 11.912  41.547 396.474
 12.012  41.287 397.280
 12.112  41.031 398.076
 12.212  40.777 398.863
 12.312  40.525 399.640
 12.412  40.276 400.408
 12.513  40.029 401.167
 12.613  39.785 401.916
 12.713  39.543 402.656
 12.813  39.303 403.388
 12.913  39.066 404.111
 13.013  38.831 404.825
 13.113  38.598 405.530
 13.213  38.368 406.227
 13.313  38.140 406.916
 13.413  37.914 407.596
 13.514  37.690 408.268
 13.614  37.468 408.933
 13.714  37.249 409.589
 13.814  37.031 410.238
 13.914  36.816 410.878
 14.014  36.603 411.512
 14.114  36.392 412.138
 14.214  36.182 412.756
 14.314  35.975 413.367
 14.414  35.770 413.971
 14.515  35.567 414.568
 14.615  35.365 415.158
 14.715  35.166 415.741
 14.815  34.968 416.317
 14.915  34.772 416.887
 15.015  34.578 417.450
 15.115  34.386 418.006
 15.215  34.196 418.556
 15.315  34.007 419.100
 15.415  33.821 419.637
 15.516  33.636 420.169
 15.616  33.452 420.694
 15.716  33.271 421.213
 15.816  33.091 421.726
 15.916  32.912 422.234
 16.016  32.736 422.736
 16.116  32.560 423.232
 16.216  32.387 423.723
 16.316  32.215 424.208
 16.416  32.045 424.688
 16.517  31.876 425.162
 16.617  31.709 425.631
 16.717  31.543 426.095
 16.817  31.379 426.554
 16.917  31.216 427.008
 17.017  31.054 427.457
 17.117  30.894 427.901
 17.217  30.736 428.340
 17.317  30.579 428.775
 17.417  30.423 429.205
 17.518  30.269 429.630
 17.618  30.116 430.050
 17.718  29.964 430.466
 17.818  29.814 430.878
 17.918  29.665 431.285
 18.018  29.517 431.688
 18.118  29.371 432.087
 18.218  29.226 432.482
 18.318  29.082 432.872
 18.418  28.939 433.259
 18.519  28.798 433.641
 18.619  28.658 434.019
 18.719  28.519 434.394
 18.819  28.381 434.765
 18.919  28.245 435.131
 19.019  28.109 435.494
 19.119  27.975 435.854
 19.219  27.842 436.210
 19.319  27.710 436.562
 19.419  27.579 436.911
 19.520  27.449 437.256
 19.620  27.320 437.597
 19.720  27.192 437.936
 19.820  27.066 438.271
 19.920  26.940 438.602
 20.020  26.816 438.931
 20.120  26.692 439.256
 20.220  26.570 439.578
 20.320  26.448 439.897
 20.420  26.328 440.213
 20.521  26.208 440.525
 20.621  26.090 440.835
 20.721  25.972 441.142
 20.821  25.856 441.446
 20.921  25.740 441.747
 21.021  25.625 442.045
 21.121  25.512 442.340
 21.221  25.399 442.632
 21.321  25.287 442.922
 21.421  25.176 443.209
 21.522  25.065 443.494
 21.622  24.956 443.775
 21.722  24.848 444.054
 21.822  24.740 444.331
 21.922  24.633 444.605
 22.022  24.527 444.877
 22.122  24.422 445.146
 22.222  24.318 445.412
 22.322  24.214 445.676
 22.422  24.112 445.938
 22.523  24.010 446.198
 22.623  23.909 446.455
 22.723  23.808 446.710
 22.823  23.709 446.962
 22.923  23.610 447.213
 23.023  23.512 447.461
 23.123  23.414 447.707
 23.223  23.318 447.951
 23.323  23.222 448.192
 23.423  23.127 448.432
 23.524  23.032 448.669
 23.624  22.939 448.905
 23.724  22.846 449.138
 23.824  22.753 449.370
 23.924  22.662 449.599
 24.024  22.571 449.827
 24.124  22.480 450.052
 24.224  22.391 450.276
 24.324  22.302 450.498
 24.424  22.214 450.718
 24.525  22.126 450.936
 24.625  22.039 451.152
 24.725  21.952 451.367
 24.825  21.867 451.580
 24.925  21.782 451.791
 25.025  21.697 452.000
 25.125  21.613 452.207
 25.225  21.530 452.413
 25.325  21.447 452.617
 25.425  21.365 452.820
 25.526  21.283 453.021
 25.626  21.202 453.220
 25.726  21.122 453.418
 25.826  21.042 453.614
 25.926  20.963 453.809
 26.026  20.884 454.002
 26.126  20.806 454.193
 26.226  20.728 454.383
 26.326  20.651 454.572
 26.426  20.574 454.759
 26.527  20.498 454.944
 26.627  20.423 455.128
 26.727  20.348 455.311
 26.827  20.273 455.492
 26.927  20.199 455.672
 27.027  20.126 455.851
 27.127  20.053 456.028
 27.227  19.980 456.204
 27.327  19.908 456.378
 27.427  19.837 456.551
 27.528  19.766 456.723
 27.628  19.695 456.894
 27.728  19.625 457.063
 27.828  19.555 457.231
 27.928  19.486 457.398
 28.028  19.418 457.564
 28.128  19.349 457.728
 28.228  19.281 457.891
 28.328  19.214 458.053
 28.428  19.147 458.214
 28.529  19.081 458.373
 28.629  19.015 458.532
 28.729  18.949 458.689
 28.829  18.884 458.845
 28.929  18.819 459.000
 29.029  18.755 459.154
 29.129  18.691 459.307
 29.229  18.627 459.459
 29.329  18.564 459.609
 29.429  18.501 459.759
 29.530  18.439 459.907
 29.630  18.377 460.055
 29.730  18.316 460.201
 29.830  18.254 460.347
 29.930  18.194 460.491
 30.030  18.133 460.634
 30.130  18.073 460.777
 30.230  18.014 460.918
 30.330  17.954 461.059
 30.430  17.895 461.198
 30.531  17.837 461.337
 30.631  17.779 461.474
 30.731  17.721 461.611
 30.831  17.663 461.747
 30.931  17.606 461.882
 31.031  17.550 462.015
 31.131  17.493 462.148
 31.231  17.437 462.281
 31.331  17.381 462.412
 31.431  17.326 462.542
 31.532  17.271 462.672
 31.632  17.216 462.800
 31.732  17.162 462.928
 31.832  17.108 463.055
 31.932  17.054 463.181
 32.032  17.000 463.306
 32.132  16.947 463.431
 32.232  16.894 463.555
 32.332  16.842 463.677
 32.432  16.790 463.800
 32.533  16.738 463.921
 32.633  16.686 464.041
 32.733  16.635 464.161
 32.833  16.584 464.280
 32.933  16.533 464.398
 33.033  16.483 464.516
 33.133  16.433 464.632
 33.233  16.383 464.748
 33.333  16.334 464.864
 33.433  16.284 464.978
 33.534  16.235 465.092
 33.634  16.187 465.205
 33.734  16.138 465.318
 33.834  16.090 465.429
 33.934  16.042 465.540
 34.034  15.995 465.651
 34.134  15.948 465.760
 34.234  15.900 465.869
 34.334  15.854 465.978
 34.434  15.807 466.085
 34.535  15.761 466.192
 34.635  15.715 466.299
 34.735  15.669 466.404
 34.835  15.624 466.509
 34.935  15.578 466.614
 35.035  15.534 466.718
 35.135  15.489 466.821
 35.235  15.444 466.923
 35.335  15.400 467.025
 35.435  15.356 467.127
 35.536  15.312 467.227
 35.636  15.269 467.328
 35.736  15.225 467.427
 35.836  15.182 467.526
 35.936  15.140 467.625
 36.036  15.097 467.722
 36.136  15.055 467.820
 36.236  15.012 467.916
 36.336  14.971 468.013
 36.436  14.929 468.108
 36.537  14.887 468.203
 36.637  14.846 468.298
 36.737  14.805 468.392
 36.837  14.764 468.485
 36.937  14.724 468.578
 37.037  14.683 468.670
 37.137  14.643 468.762
 37.237  14.603 468.853
 37.337  14.563 468.944
 37.437  14.524 469.035
 37.538  14.485 469.124
 37.638  14.445 469.214
 37.738  14.406 469.302
 37.838  14.368 469.391
 37.938  14.329 469.478
 38.038  14.291 469.566
 38.138  14.253 469.653
 38.238  14.215 469.739
 38.338  14.177 469.825
 38.438  14.139 469.910
 38.539  14.102 469.995
 38.639  14.065 470.080
 38.739  14.028 470.164
 38.839  13.991 470.247
 38.939  13.955 470.330
 39.039  13.918 470.413
 39.139  13.882 470.495
 39.239  13.846 470.577
 39.339  13.810 470.658
 39.439  13.774 470.739
 39.540  13.739 470.820
 39.640  13.703 470.900
 39.740  13.668 470.979
 39.840  13.633 471.059
 39.940  13.598 471.137
 40.040  13.564 471.216
 40.140  13.529 471.294
 40.240  13.495 471.371
 40.340  13.461 471.448
 40.440  13.427 471.525
 40.541  13.393 471.602
 40.641  13.359 471.677
 40.741  13.326 471.753
 40.841  13.292 471.828
 40.941  13.259 471.903
 41.041  13.226 471.977
 41.141  13.193 472.051
 41.241  13.160 472.125
 41.341  13.128 472.198
 41.441  13.096 472.271
 41.542  13.063 472.344
 41.642  13.031 472.416
 41.742  12.999 472.488
 41.842  12.967 472.559
 41.942  12.936 472.630
 42.042  12.904 472.701
 42.142  12.873 472.771
 42.242  12.842 472.841
 42.342  12.811 472.911
 42.442  12.780 472.980
 42.543  12.749 473.049
 42.643  12.719 473.118
 42.743  12.688 473.186
 42.843  12.658 473.254
 42.943  12.628 473.321
 43.043  12.597 473.389
 43.143  12.568 473.456
 43.243  12.538 473.522
 43.343  12.508 473.589
 43.443  12.479 473.655
 43.544  12.449 473.720
 43.644  12.420 473.786
 43.744  12.391 473.851
 43.844  12.362 473.915
 43.944  12.333 473.980
 44.044  12.304 474.044
 44.144  12.276 474.108
 44.244  12.247 474.171
 44.344  12.219 474.234
 44.444  12.191 474.297
 44.545  12.163 474.360
 44.645  12.135 474.422
 44.745  12.107 474.484
 44.845  12.079 474.546
 44.945  12.052 474.607
 45.045  12.024 474.668
 45.145  11.997 474.729
 45.245  11.970 474.790
 45.345  11.943 474.850
 45.445  11.916 474.910
 45.546  11.889 474.970
 45.646  11.862 475.029
 45.746  11.835 475.088
 45.846  11.809 475.147
 45.946  11.782 475.206
 46.046  11.756 475.264
 46.146  11.730 475.322
 46.246  11.704 475.380
 46.346  11.678 475.438
 46.446  11.652 475.495
 46.547  11.626 475.552
 46.647  11.601 475.609
 46.747  11.575 475.665
 46.847  11.550 475.721
 46.947  11.525 475.777
 47.047  11.499 475.833
 47.147  11.474 475.889
 47.247  11.449 475.944
 47.347  11.424 475.999
 47.447  11.400 476.054
 47.548  11.375 476.108
 47.648  11.350 476.163
 47.748  11.326 476.217
 47.848  11.302 476.270
 47.948  11.277 476.324
 48.048  11.253 476.377
 48.148  11.229 476.430
 48.248  11.205 476.483
 48.348  11.181 476.536
 48.448  11.158 476.588
 48.549  11.134 476.641
 48.649  11.111 476.693
 48.749  11.087 476.744
 48.849  11.064 476.796
 48.949  11.040 476.847
 49.049  11.017 476.898
 49.149  10.994 476.949
 49.249  10.971 477.000
 49.349  10.948 477.050
 49.449  10.926 477.100
 49.550  10.903 477.150
 49.650  10.880 477.200
 49.750  10.858 477.249
 49.850  10.835 477.299
 49.950  10.813 477.348
 50.050  10.791 477.397
 50.150  10.768 477.446
 50.250  10.746 477.494
 50.350  10.724 477.542
 50.450  10.703 477.591
 50.551  10.681 477.639
 50.651  10.659 477.686
 50.751  10.637 477.734
 50.851  10.616 477.781
 50.951  10.594 477.828
 51.051  10.573 477.875
 51.151  10.552 477.922
 51.251  10.530 477.968
 51.351  10.509 478.015
 51.451  10.488 478.061
 51.552  10.467 478.107
 51.652  10.446 478.153
 51.752  10.426 478.198
 51.852  10.405 478.244
 51.952  10.384 478.289
 52.052  10.364 478.334
 52.152  10.343 478.379
 52.252  10.323 478.423
 52.352  10.302 478.468
 52.452  10.282 478.512
 52.553  10.262 478.556
 52.653  10.242 478.600
 52.753  10.222 478.644
 52.853  10.202 478.688
 52.953  10.182 478.731
 53.053  10.162 478.775
 53.153  10.142 478.818
 53.253  10.123 478.861
 53.353  10.103 478.903
 53.453  10.084 478.946
 53.554  10.064 478.988
 53.654  10.045 479.031
 53.754  10.026 479.073
 53.854  10.007 479.115
 53.954   9.987 479.156
 54.054   9.968 479.198
 54.154   9.949 479.239
 54.254   9.930 479.281
 54.354   9.912 479.322
 54.454   9.893 479.363
 54.555   9.874 479.403
 54.655   9.855 479.444
 54.755   9.837 479.485
 54.855   9.818 479.525
 54.955   9.800 479.565
 55.055   9.781 479.605
 55.155   9.763 479.645
 55.255   9.745 479.685
 55.355   9.727 479.724
 55.455   9.709 479.764
 55.556   9.691 479.803
 55.656   9.673 479.842
 55.756   9.655 479.881
 55.856   9.637 479.920
 55.956   9.619 479.958
 56.056   9.601 479.997
 56.156   9.584 480.035
 56.256   9.566 480.074
 56.356   9.549 480.112
 56.456   9.531 480.150
 56.557   9.514 480.187
 56.657   9.496 480.225
 56.757   9.479 480.263
 56.857   9.462 480.300
 56.957   9.445 480.337
 57.057   9.428 480.374
 57.157   9.411 480.411
 57.257   9.394 480.448
 57.357   9.377 480.485
 57.457   9.360 480.521
 57.558   9.343 480.558
 57.658   9.326 480.594
 57.758   9.310 480.630
 57.858   9.293 480.666
 57.958   9.276 480.702
 58.058   9.260 480.738
 58.158   9.243 480.774
 58.258   9.227 480.809
 58.358   9.211 480.845
 58.458   9.194 480.880
 58.559   9.178 480.915
 58.659   9.162 480.950
 58.759   9.146 480.985
 58.859   9.130 481.020
 58.959   9.114 481.054
 59.059   9.098 481.089
 59.159   9.082 481.123
 59.259   9.066 481.157
 59.359   9.050 481.192
 59.459   9.035 481.226
 59.560   9.019 481.259
 59.660   9.003 481.293
 59.760   8.988 481.327
 59.860   8.972 481.360
 59.960   8.957 481.394
 60.060   8.941 481.427
 60.160   8.926 481.460
 60.260   8.911 481.493
 60.360   8.896 481.526
 60.460   8.880 481.559
 60.561   8.865 481.592
 60.661   8.850 481.625
 60.761   8.835 481.657
 60.861   8.820 481.689
 60.961   8.805 481.722
 61.061   8.790 481.754
 61.161   8.775 481.786
 61.261   8.760 481.818
 61.361   8.746 481.850
 61.461   8.731 481.881
 61.562   8.716 481.913
 61.662   8.702 481.945
 61.762   8.687 481.976
 61.862   8.673 482.007
 61.962   8.658 482.038
 62.062   8.644 482.070
 62.162   8.629 482.101
 62.262   8.615 482.131
 62.362   8.601 482.162
 62.462   8.586 482.193
 62.563   8.572 482.223
 62.663   8.558 482.254
 62.763   8.544 482.284
 62.863   8.530 482.314
 62.963   8.516 482.345
 63.063   8.502 482.375
 63.163   8.488 482.405
 63.263   8.474 482.434
 63.363   8.460 482.464
 63.463   8.447 482.494
 63.564   8.433 482.523
 63.664   8.419 482.553
 63.764   8.406 482.582
 63.864   8.392 482.611
 63.964   8.378 482.641
 64.064   8.365 482.670
 64.164   8.351 482.699
 64.264   8.338 482.728
 64.364   8.324 482.756
 64.464   8.311 482.785
 64.565   8.298 482.814
 64.665   8.285 482.842
 64.765   8.271 482.871
 64.865   8.258 482.899
 64.965   8.245 482.927
 65.065   8.232 482.955
 65.165   8.219 482.983
 65.265   8.206 483.011
 65.365   8.193 483.039
 65.465   8.180 483.067
 65.566   8.167 483.095
 65.666   8.154 483.122
 65.766   8.141 483.150
 65.866   8.128 483.177
 65.966   8.116 483.204
 66.066   8.103 483.232
 66.166   8.090 483.259
 66.266   8.078 483.286
 66.366   8.065 483.313
 66.466   8.053 483.340
 66.567   8.040 483.367
 66.667   8.028 483.393
 66.767   8.015 483.420
 66.867   8.003 483.447
 66.967   7.990 483.473
 67.067   7.978 483.499
 67.167   7.966 483.526
 67.267   7.953 483.552
 67.367   7.941 483.578
 67.467   7.929 483.604
 67.568   7.917 483.630
 67.668   7.905 483.656
 67.768   7.893 483.682
 67.868   7.881 483.708
 67.968   7.869 483.733
 68.068   7.857 483.759
 68.168   7.845 483.784
 68.268   7.833 483.810
 68.368   7.821 483.835
 68.468   7.809 483.860
 68.569   7.798 483.886
 68.669   7.786 483.911
 68.769   7.774 483.936
 68.869   7.762 483.961
 68.969   7.751 483.986
 69.069   7.739 484.010
 69.169   7.728 484.035
 69.269   7.716 484.060
 69.369   7.704 484.084
 69.469   7.693 484.109
 69.570   7.682 484.133
 69.670   7.670 484.158
 69.770   7.659 484.182
 69.870   7.647 484.206
 69.970   7.636 484.230
 70.070   7.625 484.254
 70.170   7.614 484.278
 70.270   7.602 484.302
 70.370   7.591 484.326
 70.470   7.580 484.350
 70.571   7.569 484.374
 70.671   7.558 484.397
 70.771   7.547 484.421
 70.871   7.536 484.444
 70.971   7.525 484.468
 71.071   7.514 484.491
 71.171   7.503 484.515
 71.271   7.492 484.538
 71.371   7.481 484.561
 71.471   7.470 484.584
 71.572   7.460 484.607
 71.672   7.449 484.630
 71.772   7.438 484.653
 71.872   7.427 484.676
 71.972   7.417 484.698
 72.072   7.406 484.721
 72.172   7.395 484.744
 72.272   7.385 484.766
 72.372   7.374 484.789
 72.472   7.364 484.811
 72.573   7.353 484.834
 72.673   7.343 484.856
 72.773   7.332 484.878
 72.873   7.322 484.900
 72.973   7.311 484.922
 73.073   7.301 484.944
 73.173   7.291 484.966
 73.273   7.280 484.988
 73.373   7.270 485.010
 73.473   7.260 485.032
 73.574   7.250 485.054
 73.674   7.240 485.075
 73.774   7.229 485.097
 73.874   7.219 485.119
 73.974   7.209 485.140
 74.074   7.199 485.161
 74.174   7.189 485.183
 74.274   7.179 485.204
 74.374   7.169 485.225
 74.474   7.159 485.246
 74.575   7.149 485.268
 74.675   7.139 485.289
 74.775   7.129 485.310
 74.875   7.120 485.331
 74.975   7.110 485.351
 75.075   7.100 485.372
 75.175   7.090 485.393
 75.275   7.080 485.414
 75.375   7.071 485.434
 75.475   7.061 485.455
 75.576   7.051 485.476
 75.676   7.042 485.496
 75.776   7.032 485.516
 75.876   7.022 485.537
 75.976   7.013 485.557
 76.076   7.003 485.577
 76.176   6.994 485.598
 76.276   6.984 485.618
 76.376   6.975 485.638
 76.476   6.965 485.658
 76.577   6.956 485.678
 76.677   6.947 485.698
 76.777   6.937 485.718
 76.877   6.928 485.737
 76.977   6.919 485.757
 77.077   6.909 485.777
 77.177   6.900 485.796
 77.277   6.891 485.816
 77.377   6.882 485.836
 77.477   6.872 485.855
 77.578   6.863 485.874
 77.678   6.854 485.894
 77.778   6.845 485.913
 77.878   6.836 485.932
 77.978   6.827 485.952
 78.078   6.818 485.971
 78.178   6.809 485.990
 78.278   6.800 486.009
 78.378   6.791 486.028
 78.478   6.782 486.047
 78.579   6.773 486.066
 78.679   6.764 486.085
 78.779   6.755 486.104
 78.879   6.746 486.122
 78.979   6.737 486.141
 79.079   6.729 486.160
 79.179   6.720 486.178
 79.279   6.711 486.197
 79.379   6.702 486.216
 79.479   6.693 486.234
 79.580   6.685 486.252
 79.680   6.676 486.271
 79.780   6.667 486.289
 79.880   6.659 486.307
 79.980   6.650 486.326
 80.080   6.642 486.344
 80.180   6.633 486.362
 80.280   6.624 486.380
 80.380   6.616 486.398
 80.480   6.607 486.416
 80.581   6.599 486.434
 80.681   6.590 486.452
 80.781   6.582 486.470
 80.881   6.574 486.488
 80.981   6.565 486.505
 81.081   6.557 486.523
 81.181   6.548 486.541
 81.281   6.540 486.558
 81.381   6.532 486.576
 81.481   6.524 486.593
 81.582   6.515 486.611
 81.682   6.507 486.628
 81.782   6.499 486.646
 81.882   6.491 486.663
 81.982   6.482 486.680
 82.082   6.474 486.698
 82.182   6.466 486.715
 82.282   6.458 486.732
 82.382   6.450 486.749
 82.482   6.442 486.766
 82.583   6.434 486.783
 82.683   6.426 486.800
 82.783   6.418 486.817
 82.883   6.410 486.834
 82.983   6.402 486.851
 83.083   6.394 486.868
 83.183   6.386 486.885
 83.283   6.378 486.901
 83.383   6.370 486.918
 83.483   6.362 486.935
 83.584   6.354 486.951
 83.684   6.346 486.968
 83.784   6.338 486.985
 83.884   6.331 487.001
 83.984   6.323 487.018
 84.084   6.315 487.034
 84.184   6.307 487.050
 84.284   6.299 487.067
 84.384   6.292 487.083
 84.484   6.284 487.099
 84.585   6.276 487.115
 84.685   6.269 487.132
 84.785   6.261 487.148
 84.885   6.253 487.164
 84.985   6.246 487.180
 85.085   6.238 487.196
 85.185   6.231 487.212
 85.285   6.223 487.228
 85.385   6.215 487.244
 85.485   6.208 487.259
 85.586   6.200 487.275
 85.686   6.193 487.291
 85.786   6.185 487.307
 85.886   6.178 487.322
 85.986   6.171 487.338
 86.086   6.163 487.354
 86.186   6.156 487.369
 86.286   6.148 487.385
 86.386   6.141 487.400
 86.486   6.134 487.416
 86.587   6.126 487.431
 86.687   6.119 487.447
 86.787   6.112 487.462
 86.887   6.104 487.477
 86.987   6.097 487.493
 87.087   6.090 487.508
 87.187   6.083 487.523
 87.287   6.076 487.538
 87.387   6.068 487.553
 87.487   6.061 487.569
 87.588   6.054 487.584
 87.688   6.047 487.599
 87.788   6.040 487.614
 87.888   6.033 487.629
 87.988   6.026 487.644
 88.088   6.018 487.658
 88.188   6.011 487.673
 88.288   6.004 487.688
 88.388   5.997 487.703
 88.488   5.990 487.718
 88.589   5.983 487.732
 88.689   5.976 487.747
 88.789   5.969 487.762
 88.889   5.962 487.776
 88.989   5.956 487.791
 89.089   5.949 487.805
 89.189   5.942 487.820
 89.289   5.935 487.834
 89.389   5.928 487.849
 89.489   5.921 487.863
 89.590   5.914 487.878
 89.690   5.907 487.892
 89.790   5.901 487.906
 89.890   5.894 487.920
 89.990   5.887 487.935
 90.090   5.880 487.949
 90.190   5.874 487.963
 90.290   5.867 487.977
 90.390   5.860 487.991
 90.490   5.853 488.005
 90.591   5.847 488.019
 90.691   5.840 488.033
 90.791   5.833 488.047
 90.891   5.827 488.061
 90.991   5.820 488.075
 91.091   5.814 488.089
 91.191   5.807 488.103
 91.291   5.800 488.117
 91.391   5.794 488.131
 91.491   5.787 488.144
 91.592   5.781 488.158
 91.692   5.774 488.172
 91.792   5.768 488.185
 91.892   5.761 488.199
 91.992   5.755 488.213
 92.092   5.748 488.226
 92.192   5.742 488.240
 92.292   5.735 488.253
 92.392   5.729 488.267
 92.492   5.723 488.280
 92.593   5.716 488.294
 92.693   5.710 488.307
 92.793   5.703 488.320
 92.893   5.697 488.334
 92.993   5.691 488.347
 93.093   5.684 488.360
 93.193   5.678 488.373
 93.293   5.672 488.387
 93.393   5.666 488.400
 93.493   5.659 488.413
 93.594   5.653 488.426
 93.694   5.647 488.439
 93.794   5.641 488.452
 93.894   5.634 488.465
 93.994   5.628 488.478
 94.094   5.622 488.491
 94.194   5.616 488.504
 94.294   5.610 488.517
 94.394   5.603 488.530
 94.494   5.597 488.543
 94.595   5.591 488.556
 94.695   5.585 488.568
 94.795   5.579 488.581
 94.895   5.573 488.594
 94.995   5.567 488.607
 95.095   5.561 488.619
 95.195   5.555 488.632
 95.295   5.549 488.645
 95.395   5.543 488.657
 95.495   5.537 488.670
 95.596   5.531 488.682
 95.696   5.525 488.695
 95.796   5.519 488.707
 95.896   5.513 488.720
 95.996   5.507 488.732
 96.096   5.501 488.745
 96.196   5.495 488.757
 96.296   5.489 488.769
 96.396   5.483 488.782
 96.496   5.477 488.794
 96.597   5.472 488.806
 96.697   5.466 488.819
 96.797   5.460 488.831
 96.897   5.454 488.843
 96.997   5.448 488.855
 97.097   5.442 488.867
 97.197   5.437 488.879
 97.297   5.431 488.891
 97.397   5.425 488.904
 97.497   5.419 488.916
 97.598   5.414 488.928
 97.698   5.408 488.940
 97.798   5.402 488.952
 97.898   5.396 488.963
 97.998   5.391 488.975
 98.098   5.385 488.987
 98.198   5.379 488.999
 98.298   5.374 489.011
 98.398   5.368 489.023
 98.498   5.362 489.035
 98.599   5.357 489.046
 98.699   5.351 489.058
 98.799   5.346 489.070
 98.899   5.340 489.081
 98.999   5.334 489.093
 99.099   5.329 489.105
 99.199   5.323 489.116
 99.299   5.318 489.128
 99.399   5.312 489.139
 99.499   5.307 489.151
 99.600   5.301 489.163
 99.700   5.296 489.174
 99.800   5.290 489.185
 99.900   5.285 489.197
100.000   5.279 489.208
