# ALPHA_1 0.002
# ALPHA_2 0.001
# BETTA_1 0.004
# BETTA_2 0.001
# GAMMA_1 0.500
# GAMMA_2 0.500
# Y0 150.000
# Z0 47.000
# X_BEG 0.000
# X_END 100.000
# XDOTS_NUM 1000
# DX 0.100
  0.000 150.000  47.000
  0.100 147.867  47.734
  0.200 145.875  48.496
  0.300 144.009  49.285
  0.400 142.258  50.101
  0.501 140.612  50.944
  0.601 139.063  51.812
  0.701 137.601  52.707
  0.801 136.220  53.628
  0.901 134.913  54.575
  1.001 133.673  55.547
  1.101 132.496  56.544
  1.201 131.376  57.567
  1.301 130.310  58.615
  1.401 129.292  59.688
  1.502 128.319  60.787
  1.602 127.388  61.910
  1.702 126.496  63.059
  1.802 125.639  64.232
  1.902 124.815  65.431
  2.002 124.021  66.655
  2.102 123.256  67.904
  2.202 122.517  69.178
  2.302 121.803  70.477
  2.402 121.110  71.801
  2.503 120.438  73.150
  2.603 119.786  74.525
  2.703 119.151  75.924
  2.803 118.532  77.348
  2.903 117.929  78.798
  3.003 117.339  80.272
  3.103 116.763  81.772
  3.203 116.198  83.296
  3.303 115.644  84.845
  3.403 115.100  86.419
  3.504 114.565  88.018
  3.604 114.038  89.641
  3.704 113.519  91.289
  3.804 113.007  92.961
  3.904 112.501  94.658
  4.004 112.001  96.379
  4.104 111.506  98.124
  4.204 111.015  99.892
  4.304 110.529 101.685
  4.404 110.046 103.501
  4.505 109.566 105.340
  4.605 109.089 107.203
  4.705 108.615 109.088
  4.805 108.142 110.996
  4.905 107.671 112.926
  5.005 107.202 114.878
  5.105 106.734 116.852
  5.205 106.266 118.847
  5.305 105.799 120.864
  5.405 105.333 122.901
  5.506 104.867 124.959
  5.606 104.400 127.036
  5.706 103.934 129.134
  5.806 103.466 131.250
  5.906 102.999 133.386
  6.006 102.531 135.539
  6.106 102.062 137.711
  6.206 101.592 139.900
  6.306 101.121 142.106
  6.406 100.648 144.328
  6.507 100.175 146.566
  6.607  99.700 148.819
  6.707  99.225 151.088
  6.807  98.747 153.370
  6.907  98.269 155.667
  7.007  97.788 157.976
  7.107  97.307 160.298
  7.207  96.824 162.632
  7.307  96.339 164.977
  7.407  95.853 167.333
  7.508  95.365 169.699
  7.608  94.876 172.075
  7.708  94.385 174.459
  7.808  93.893 176.852
  7.908  93.400 179.252
  8.008  92.905 181.658
  8.108  92.409 184.071
  8.208  91.912 186.490
  8.308  91.413 188.913
  8.408  90.913 191.340
  8.509  90.412 193.771
  8.609  89.910 196.205
  8.709  89.407 198.641
  8.809  88.903 201.078
  8.909  88.398 203.516
  9.009  87.892 205.954
  9.109  87.386 208.392
  9.209  86.879 210.829
  9.309  86.371 213.263
  9.409  85.863 215.696
  9.510  85.354 218.125
  9.610  84.845 220.550
  9.710  84.336 222.971
  9.810  83.827 225.387
  9.910  83.318 227.797
 10.010  82.808 230.201
 10.110  82.299 232.598
 10.210  81.790 234.988
 10.310  81.282 237.370
 10.410  80.773 239.743
 10.511  80.266 242.107
 10.611  79.758 244.462
 10.711  79.252 246.806
 10.811  78.746 249.140
 10.911  78.241 251.463
 11.011  77.737 253.774
 11.111  77.234 256.074
 11.211  76.732 258.361
 11.311  76.231 260.634
 11.411  75.731 262.895
 11.512  75.233 265.142
 11.612  74.736 267.375
 11.712  74.241 269.593
 11.812  73.747 271.796
 11.912  73.255 273.984
 12.012  72.764 276.157
 12.112  72.276 278.314
 12.212  71.789 280.455
 12.312  71.304 282.579
 12.412  70.821 284.687
 12.513  70.340 286.778
 12.613  69.861 288.852
 12.713  69.385 290.908
 12.813  68.911 292.947
 12.913  68.439 294.969
 13.013  67.969 296.972
 13.113  67.502 298.957
 13.213  67.037 300.924
 13.313  66.575 302.873
 13.413  66.115 304.804
 13.514  65.658 306.716
 13.614  65.204 308.609
 13.714  64.752 310.483
 13.814  64.303 312.339
 13.914  63.857 314.176
 14.014  63.413 315.994
 14.114  62.972 317.793
 14.214  62.535 319.574
 14.314  62.100 321.335
 14.414  61.668 323.078
 14.515  61.239 324.801
 14.615  60.812 326.506
 14.715  60.389 328.192
 14.815  59.969 329.859
 14.915  59.552 331.507
 15.015  59.138 333.137
 15.115  58.727 334.747
 15.215  58.319 336.340
 15.315  57.914 337.914
 15.415  57.512 339.469
 15.516  57.114 341.006
 15.616  56.718 342.525
 15.716  56.326 344.026
 15.816  55.936 345.509
 15.916  55.550 346.974
 16.016  55.167 348.422
 16.116  54.787 349.851
 16.216  54.410 351.263
 16.316  54.037 352.658
 16.416  53.666 354.036
 16.517  53.298 355.397
 16.617  52.934 356.740
 16.717  52.573 358.067
 16.817  52.215 359.377
 16.917  51.859 360.671
 17.017  51.507 361.949
 17.117  51.158 363.210
 17.217  50.813 364.455
 17.317  50.470 365.685
 17.417  50.130 366.899
 17.518  49.793 368.097
 17.618  49.459 369.280
 17.718  49.129 370.448
 17.818  48.801 371.601
 17.918  48.476 372.740
 18.018  48.154 373.863
 18.118  47.835 374.972
 18.218  47.519 376.067
 18.318  47.206 377.148
 18.418  46.895 378.215
 18.519  46.588 379.268
 18.619  46.283 380.307
 18.719  45.982 381.333
 18.819  45.683 382.346
 18.919  45.386 383.345
 19.019  45.093 384.332
 19.119  44.802 385.306
 19.219  44.514 386.267
 19.319  44.229 387.217
 19.419  43.946 388.153
 19.520  43.667 389.078
 19.620  43.389 389.991
 19.720  43.114 390.892
 19.820  42.842 391.781
 19.920  42.573 392.659
 20.020  42.306 393.526
 20.120  42.041 394.382
 20.220  41.779 395.226
 20.320  41.520 396.060
 20.420  41.263 396.884
 20.521  41.008 397.697
 20.621  40.756 398.499
 20.721  40.506 399.291
 20.821  40.259 400.074
 20.921  40.014 400.846
 21.021  39.771 401.608
 21.121  39.530 402.361
 21.221  39.292 403.105
 21.321  39.056 403.839
 21.421  38.823 404.564
 21.522  38.591 405.280
 21.622  38.362 405.987
 21.722  38.135 406.685
 21.822  37.910 407.375
 21.922  37.687 408.056
 22.022  37.466 408.729
 22.122  37.247 409.393
 22.222  37.031 410.049
 22.322  36.816 410.698
 22.422  36.603 411.338
 22.523  36.393 411.970
 22.623  36.184 412.595
 22.723  35.977 413.212
 22.823  35.773 413.822
 22.923  35.570 414.425
 23.023  35.369 415.020
 23.123  35.170 415.608
 23.223  34.973 416.189
 23.323  34.777 416.763
 23.423  34.584 417.331
 23.524  34.392 417.892
 23.624  34.202 418.446
 23.724  34.013 418.993
 23.824  33.827 419.534
 23.924  33.642 420.069
 24.024  33.459 420.598
 24.124  33.277 421.121
 24.224  33.098 421.637
 24.324  32.919 422.148
 24.424  32.743 422.653
 24.525  32.568 423.151
 24.625  32.395 423.645
 24.725  32.223 424.132
 24.825  32.052 424.615
 24.925  31.884 425.091
 25.025  31.717 425.563
 25.125  31.551 426.029
 25.225  31.387 426.490
 25.325  31.224 426.946
 25.425  31.063 427.397
 25.526  30.903 427.842
 25.626  30.744 428.283
 25.726  30.587 428.719
 25.826  30.431 429.151
 25.926  30.277 429.577
 26.026  30.124 429.999
 26.126  29.973 430.417
 26.226  29.822 430.830
 26.326  29.673 431.239
 26.426  29.526 431.643
 26.527  29.379 432.043
 26.627  29.234 432.438
 26.727  29.090 432.830
 26.827  28.948 433.217
 26.927  28.806 433.601
 27.027  28.666 433.980
 27.127  28.527 434.356
 27.227  28.389 434.727
 27.327  28.253 435.095
 27.427  28.117 435.459
 27.528  27.983 435.819
 27.628  27.850 436.176
 27.728  27.718 436.529
 27.828  27.587 436.878
 27.928  27.457 437.224
 28.028  27.328 437.566
 28.128  27.200 437.905
 28.228  27.074 438.241
 28.328  26.948 438.573
 28.428  26.824 438.902
 28.529  26.700 439.228
 28.629  26.578 439.550
 28.729  26.456 439.870
 28.829  26.336 440.186
 28.929  26.216 440.499
 29.029  26.097 440.809
 29.129  25.980 441.117
 29.229  25.863 441.421
 29.329  25.747 441.722
 29.429  25.633 442.021
 29.530  25.519 442.316
 29.630  25.406 442.609
 29.730  25.294 442.899
 29.830  25.183 443.187
 29.930  25.072 443.471
 30.030  24.963 443.753
 30.130  24.855 444.033
 30.230  24.747 444.310
 30.330  24.640 444.584
 30.430  24.534 444.856
 30.531  24.429 445.125
 30.631  24.325 445.392
 30.731  24.221 445.657
 30.831  24.118 445.919
 30.931  24.016 446.178
 31.031  23.915 446.436
 31.131  23.815 446.691
 31.231  23.715 446.944
 31.331  23.616 447.194
 31.431  23.518 447.443
 31.532  23.421 447.689
 31.632  23.324 447.933
 31.732  23.228 448.175
 31.832  23.133 448.415
 31.932  23.039 448.652
 32.032  22.945 448.888
 32.132  22.852 449.122
 32.232  22.759 449.353
 32.332  22.668 449.583
 32.432  22.577 449.811
 32.533  22.486 450.036
 32.633  22.397 450.260
 32.733  22.308 450.482
 32.833  22.219 450.702
 32.933  22.132 450.921
 33.033  22.045 451.137
 33.133  21.958 451.352
 33.233  21.872 451.565
 33.333  21.787 451.776
 33.433  21.703 451.985
 33.534  21.619 452.193
 33.634  21.535 452.399
 33.734  21.452 452.603
 33.834  21.370 452.806
 33.934  21.289 453.007
 34.034  21.208 453.207
 34.134  21.127 453.404
 34.234  21.047 453.601
 34.334  20.968 453.795
 34.434  20.889 453.988
 34.535  20.811 454.180
 34.635  20.733 454.370
 34.735  20.656 454.559
 34.835  20.579 454.746
 34.935  20.503 454.932
 35.035  20.428 455.116
 35.135  20.353 455.299
 35.235  20.278 455.480
 35.335  20.204 455.660
 35.435  20.131 455.839
 35.536  20.058 456.016
 35.636  19.985 456.192
 35.736  19.913 456.367
 35.836  19.842 456.540
 35.936  19.770 456.712
 36.036  19.700 456.882
 36.136  19.630 457.052
 36.236  19.560 457.220
 36.336  19.491 457.387
 36.436  19.422 457.553
 36.537  19.354 457.717
 36.637  19.286 457.880
 36.737  19.219 458.042
 36.837  19.152 458.203
 36.937  19.085 458.363
 37.037  19.019 458.521
 37.137  18.953 458.679
 37.237  18.888 458.835
 37.337  18.823 458.990
 37.437  18.759 459.144
 37.538  18.695 459.297
 37.638  18.631 459.448
 37.738  18.568 459.599
 37.838  18.505 459.749
 37.938  18.443 459.897
 38.038  18.381 460.045
 38.138  18.320 460.191
 38.238  18.258 460.337
 38.338  18.198 460.481
 38.438  18.137 460.625
 38.539  18.077 460.767
 38.639  18.018 460.909
 38.739  17.958 461.049
 38.839  17.899 461.189
 38.939  17.841 461.328
 39.039  17.783 461.465
 39.139  17.725 461.602
 39.239  17.667 461.738
 39.339  17.610 461.873
 39.439  17.553 462.007
 39.540  17.497 462.140
 39.640  17.441 462.272
 39.740  17.385 462.403
 39.840  17.330 462.533
 39.940  17.274 462.663
 40.040  17.220 462.792
 40.140  17.165 462.920
 40.240  17.111 463.047
 40.340  17.057 463.173
 40.440  17.004 463.298
 40.541  16.951 463.423
 40.641  16.898 463.546
 40.741  16.845 463.669
 40.841  16.793 463.791
 40.941  16.741 463.913
 41.041  16.690 464.033
 41.141  16.638 464.153
 41.241  16.587 464.272
 41.341  16.537 464.390
 41.441  16.486 464.508
 41.542  16.436 464.625
 41.642  16.386 464.741
 41.742  16.337 464.856
 41.842  16.288 464.971
 41.942  16.239 465.084
 42.042  16.190 465.198
 42.142  16.142 465.310
 42.242  16.093 465.422
 42.342  16.046 465.533
 42.442  15.998 465.643
 42.543  15.951 465.753
 42.643  15.904 465.862
 42.743  15.857 465.970
 42.843  15.810 466.078
 42.943  15.764 466.185
 43.043  15.718 466.291
 43.143  15.672 466.397
 43.243  15.627 466.502
 43.343  15.581 466.607
 43.443  15.536 466.711
 43.544  15.492 466.814
 43.644  15.447 466.917
 43.744  15.403 467.019
 43.844  15.359 467.120
 43.944  15.315 467.221
 44.044  15.272 467.321
 44.144  15.228 467.421
 44.244  15.185 467.520
 44.344  15.142 467.618
 44.444  15.100 467.716
 44.545  15.057 467.813
 44.645  15.015 467.910
 44.745  14.973 468.006
 44.845  14.932 468.102
 44.945  14.890 468.197
 45.045  14.849 468.291
 45.145  14.808 468.385
 45.245  14.767 468.479
 45.345  14.726 468.572
 45.445  14.686 468.664
 45.546  14.646 468.756
 45.646  14.606 468.847
 45.746  14.566 468.938
 45.846  14.526 469.029
 45.946  14.487 469.118
 46.046  14.448 469.208
 46.146  14.409 469.296
 46.246  14.370 469.385
 46.346  14.332 469.473
 46.446  14.293 469.560
 46.547  14.255 469.647
 46.647  14.217 469.733
 46.747  14.180 469.819
 46.847  14.142 469.905
 46.947  14.105 469.990
 47.047  14.067 470.074
 47.147  14.030 470.158
 47.247  13.994 470.242
 47.347  13.957 470.325
 47.447  13.921 470.408
 47.548  13.884 470.490
 47.648  13.848 470.572
 47.748  13.812 470.653
 47.848  13.777 470.734
 47.948  13.741 470.814
 48.048  13.706 470.895
 48.148  13.670 470.974
 48.248  13.635 471.053
 48.348  13.601 471.132
 48.448  13.566 471.211
 48.549  13.531 471.289
 48.649  13.497 471.366
 48.749  13.463 471.443
 48.849  13.429 471.520
 48.949  13.395 471.596
 49.049  13.361 471.672
 49.149  13.328 471.748
 49.249  13.294 471.823
 49.349  13.261 471.898
 49.449  13.228 471.972
 49.550  13.195 472.046
 49.650  13.163 472.120
 49.750  13.130 472.193
 49.850  13.098 472.266
 49.950  13.065 472.339
 50.050  13.033 472.411
 50.150  13.001 472.483
 50.250  12.970 472.554
 50.350  12.938 472.625
 50.450  12.906 472.696
 50.551  12.875 472.766
 50.651  12.844 472.836
 50.751  12.813 472.906
 50.851  12.782 472.975
 50.951  12.751 473.044
 51.051  12.721 473.113
 51.151  12.690 473.181
 51.251  12.660 473.249
 51.351  12.630 473.317
 51.451  12.599 473.384
 51.552  12.570 473.451
 51.652  12.540 473.518
 51.752  12.510 473.584
 51.852  12.481 473.650
 51.952  12.451 473.716
 52.052  12.422 473.781
 52.152  12.393 473.846
 52.252  12.364 473.911
 52.352  12.335 473.975
 52.452  12.306 474.040
 52.553  12.278 474.103
 52.653  12.249 474.167
 52.753  12.221 474.230
 52.853  12.193 474.293
 52.953  12.165 474.356
 53.053  12.137 474.418
 53.153  12.109 474.480
 53.253  12.081 474.542
 53.353  12.053 474.603
 53.453  12.026 474.664
 53.554  11.999 474.725
 53.654  11.971 474.786
 53.754  11.944 474.846
 53.854  11.917 474.906
 53.954  11.890 474.966
 54.054  11.864 475.025
 54.154  11.837 475.084
 54.254  11.811 475.143
 54.354  11.784 475.202
 54.454  11.758 475.260
 54.555  11.732 475.318
 54.655  11.706 475.376
 54.755  11.680 475.434
 54.855  11.654 475.491
 54.955  11.628 475.548
 55.055  11.602 475.605
 55.155  11.577 475.661
 55.255  11.552 475.718
 55.355  11.526 475.774
 55.455  11.501 475.829
 55.556  11.476 475.885
 55.656  11.451 475.940
 55.756  11.426 475.995
 55.856  11.401 476.050
 55.956  11.377 476.105
 56.056  11.352 476.159
 56.156  11.328 476.213
 56.256  11.303 476.267
 56.356  11.279 476.320
 56.456  11.255 476.374
 56.557  11.231 476.427
 56.657  11.207 476.480
 56.757  11.183 476.532
 56.857  11.159 476.585
 56.957  11.136 476.637
 57.057  11.112 476.689
 57.157  11.089 476.741
 57.257  11.065 476.792
 57.357  11.042 476.844
 57.457  11.019 476.895
 57.558  10.996 476.946
 57.658  10.973 476.996
 57.758  10.950 477.047
 57.858  10.927 477.097
 57.958  10.904 477.147
 58.058  10.882 477.197
 58.158  10.859 477.246
 58.258  10.837 477.296
 58.358  10.814 477.345
 58.458  10.792 477.394
 58.559  10.770 477.442
 58.659  10.748 477.491
 58.759  10.726 477.539
 58.859  10.704 477.587
 58.959  10.682 477.635
 59.059  10.660 477.683
 59.159  10.639 477.731
 59.259  10.617 477.778
 59.359  10.596 477.825
 59.459  10.574 477.872
 59.560  10.553 477.919
 59.660  10.532 477.965
 59.760  10.511 478.012
 59.860  10.490 478.058
 59.960  10.469 478.104
 60.060  10.448 478.150
 60.160  10.427 478.195
 60.260  10.406 478.241
 60.360  10.386 478.286
 60.460  10.365 478.331
 60.561  10.344 478.376
 60.661  10.324 478.421
 60.761  10.304 478.465
 60.861  10.283 478.509
 60.961  10.263 478.554
 61.061  10.243 478.597
 61.161  10.223 478.641
 61.261  10.203 478.685
 61.361  10.183 478.728
 61.461  10.164 478.772
 61.562  10.144 478.815
 61.662  10.124 478.858
 61.762  10.105 478.900
 61.862  10.085 478.943
 61.962  10.066 478.985
 62.062  10.046 479.028
 62.162  10.027 479.070
 62.262  10.008 479.112
 62.362   9.989 479.154
 62.462   9.970 479.195
 62.563   9.951 479.237
 62.663   9.932 479.278
 62.763   9.913 479.319
 62.863   9.894 479.360
 62.963   9.875 479.401
 63.063   9.857 479.441
 63.163   9.838 479.482
 63.263   9.820 479.522
 63.363   9.801 479.562
 63.463   9.783 479.602
 63.564   9.764 479.642
 63.664   9.746 479.682
 63.764   9.728 479.722
 63.864   9.710 479.761
 63.964   9.692 479.800
 64.064   9.674 479.839
 64.164   9.656 479.878
 64.264   9.638 479.917
 64.364   9.620 479.956
 64.464   9.603 479.994
 64.565   9.585 480.033
 64.665   9.567 480.071
 64.765   9.550 480.109
 64.865   9.532 480.147
 64.965   9.515 480.185
 65.065   9.498 480.223
 65.165   9.480 480.260
 65.265   9.463 480.298
 65.365   9.446 480.335
 65.465   9.429 480.372
 65.566   9.412 480.409
 65.666   9.395 480.446
 65.766   9.378 480.482
 65.866   9.361 480.519
 65.966   9.344 480.555
 66.066   9.327 480.592
 66.166   9.311 480.628
 66.266   9.294 480.664
 66.366   9.278 480.700
 66.466   9.261 480.736
 66.567   9.245 480.771
 66.667   9.228 480.807
 66.767   9.212 480.842
 66.867   9.196 480.878
 66.967   9.179 480.913
 67.067   9.163 480.948
 67.167   9.147 480.983
 67.267   9.131 481.017
 67.367   9.115 481.052
 67.467   9.099 481.086
 67.568   9.083 481.121
 67.668   9.067 481.155
 67.768   9.052 481.189
 67.868   9.036 481.223
 67.968   9.020 481.257
 68.068   9.004 481.291
 68.168   8.989 481.325
 68.268   8.973 481.358
 68.368   8.958 481.392
 68.468   8.942 481.425
 68.569   8.927 481.458
 68.669   8.912 481.491
 68.769   8.897 481.524
 68.869   8.881 481.557
 68.969   8.866 481.590
 69.069   8.851 481.622
 69.169   8.836 481.655
 69.269   8.821 481.687
 69.369   8.806 481.720
 69.469   8.791 481.752
 69.570   8.776 481.784
 69.670   8.761 481.816
 69.770   8.747 481.848
 69.870   8.732 481.879
 69.970   8.717 481.911
 70.070   8.703 481.943
 70.170   8.688 481.974
 70.270   8.674 482.005
 70.370   8.659 482.036
 70.470   8.645 482.068
 70.571   8.630 482.098
 70.671   8.616 482.129
 70.771   8.602 482.160
 70.871   8.587 482.191
 70.971   8.573 482.221
 71.071   8.559 482.252
 71.171   8.545 482.282
 71.271   8.531 482.312
 71.371   8.517 482.343
 71.471   8.503 482.373
 71.572   8.489 482.403
 71.672   8.475 482.432
 71.772   8.461 482.462
 71.872   8.448 482.492
 71.972   8.434 482.521
 72.072   8.420 482.551
 72.172   8.406 482.580
 72.272   8.393 482.610
 72.372   8.379 482.639
 72.472   8.366 482.668
 72.573   8.352 482.697
 72.673   8.339 482.726
 72.773   8.325 482.754
 72.873   8.312 482.783
 72.973   8.299 482.812
 73.073   8.285 482.840
 73.173   8.272 482.869
 73.273   8.259 482.897
 73.373   8.246 482.925
 73.473   8.233 482.953
 73.574   8.220 482.981
 73.674   8.207 483.009
 73.774   8.194 483.037
 73.874   8.181 483.065
 73.974   8.168 483.093
 74.074   8.155 483.120
 74.174   8.142 483.148
 74.274   8.129 483.175
 74.374   8.117 483.203
 74.474   8.104 483.230
 74.575   8.091 483.257
 74.675   8.079 483.284
 74.775   8.066 483.311
 74.875   8.053 483.338
 74.975   8.041 483.365
 75.075   8.028 483.392
 75.175   8.016 483.418
 75.275   8.004 483.445
 75.375   7.991 483.471
 75.475   7.979 483.498
 75.576   7.967 483.524
 75.676   7.954 483.550
 75.776   7.942 483.576
 75.876   7.930 483.602
 75.976   7.918 483.628
 76.076   7.906 483.654
 76.176   7.894 483.680
 76.276   7.882 483.706
 76.376   7.870 483.732
 76.476   7.858 483.757
 76.577   7.846 483.783
 76.677   7.834 483.808
 76.777   7.822 483.834
 76.877   7.810 483.859
 76.977   7.798 483.884
 77.077   7.787 483.909
 77.177   7.775 483.934
 77.277   7.763 483.959
 77.377   7.751 483.984
 77.477   7.740 484.009
 77.578   7.728 484.034
 77.678   7.717 484.058
 77.778   7.705 484.083
 77.878   7.694 484.107
 77.978   7.682 484.132
 78.078   7.671 484.156
 78.178   7.660 484.180
 78.278   7.648 484.205
 78.378   7.637 484.229
 78.478   7.626 484.253
 78.579   7.614 484.277
 78.679   7.603 484.301
 78.779   7.592 484.325
 78.879   7.581 484.348
 78.979   7.570 484.372
 79.079   7.559 484.396
 79.179   7.548 484.419
 79.279   7.537 484.443
 79.379   7.526 484.466
 79.479   7.515 484.490
 79.580   7.504 484.513
 79.680   7.493 484.536
 79.780   7.482 484.559
 79.880   7.471 484.583
 79.980   7.460 484.606
 80.080   7.449 484.629
 80.180   7.439 484.651
 80.280   7.428 484.674
 80.380   7.417 484.697
 80.480   7.407 484.720
 80.581   7.396 484.742
 80.681   7.385 484.765
 80.781   7.375 484.787
 80.881   7.364 484.810
 80.981   7.354 484.832
 81.081   7.343 484.854
 81.181   7.333 484.877
 81.281   7.323 484.899
 81.381   7.312 484.921
 81.481   7.302 484.943
 81.582   7.291 484.965
 81.682   7.281 484.987
 81.782   7.271 485.009
 81.882   7.261 485.031
 81.982   7.250 485.052
 82.082   7.240 485.074
 82.182   7.230 485.096
 82.282   7.220 485.117
 82.382   7.210 485.139
 82.482   7.200 485.160
 82.583   7.190 485.181
 82.683   7.180 485.203
 82.783   7.170 485.224
 82.883   7.160 485.245
 82.983   7.150 485.266
 83.083   7.140 485.287
 83.183   7.130 485.308
 83.283   7.120 485.329
 83.383   7.110 485.350
 83.483   7.101 485.371
 83.584   7.091 485.392
 83.684   7.081 485.412
 83.784   7.071 485.433
 83.884   7.062 485.454
 83.984   7.052 485.474
 84.084   7.042 485.495
 84.184   7.033 485.515
 84.284   7.023 485.535
 84.384   7.014 485.556
 84.484   7.004 485.576
 84.585   6.994 485.596
 84.685   6.985 485.616
 84.785   6.975 485.636
 84.885   6.966 485.656
 84.985   6.957 485.676
 85.085   6.947 485.696
 85.185   6.938 485.716
 85.285   6.929 485.736
 85.385   6.919 485.756
 85.485   6.910 485.775
 85.586   6.901 485.795
 85.686   6.891 485.815
 85.786   6.882 485.834
 85.886   6.873 485.854
 85.986   6.864 485.873
 86.086   6.855 485.893
 86.186   6.846 485.912
 86.286   6.836 485.931
 86.386   6.827 485.950
 86.486   6.818 485.970
 86.587   6.809 485.989
 86.687   6.800 486.008
 86.787   6.791 486.027
 86.887   6.782 486.046
 86.987   6.773 486.065
 87.087   6.765 486.084
 87.187   6.756 486.102
 87.287   6.747 486.121
 87.387   6.738 486.140
 87.487   6.729 486.159
 87.588   6.720 486.177
 87.688   6.712 486.196
 87.788   6.703 486.214
 87.888   6.694 486.233
 87.988   6.685 486.251
 88.088   6.677 486.270
 88.188   6.668 486.288
 88.288   6.659 486.306
 88.388   6.651 486.324
 88.488   6.642 486.343
 88.589   6.634 486.361
 88.689   6.625 486.379
 88.789   6.617 486.397
 88.889   6.608 486.415
 88.989   6.600 486.433
 89.089   6.591 486.451
 89.189   6.583 486.469
 89.289   6.574 486.486
 89.389   6.566 486.504
 89.489   6.557 486.522
 89.590   6.549 486.540
 89.690   6.541 486.557
 89.790   6.532 486.575
 89.890   6.524 486.592
 89.990   6.516 486.610
 90.090   6.508 486.627
 90.190   6.499 486.645
 90.290   6.491 486.662
 90.390   6.483 486.679
 90.490   6.475 486.697
 90.591   6.467 486.714
 90.691   6.458 486.731
 90.791   6.450 486.748
 90.891   6.442 486.765
 90.991   6.434 486.782
 91.091   6.426 486.799
 91.191   6.418 486.816
 91.291   6.410 486.833
 91.391   6.402 486.850
 91.491   6.394 486.867
 91.592   6.386 486.884
 91.692   6.378 486.900
 91.792   6.370 486.917
 91.892   6.362 486.934
 91.992   6.355 486.950
 92.092   6.347 486.967
 92.192   6.339 486.983
 92.292   6.331 487.000
 92.392   6.323 487.016
 92.492   6.315 487.033
 92.593   6.308 487.049
 92.693   6.300 487.066
 92.793   6.292 487.082
 92.893   6.284 487.098
 92.993   6.277 487.114
 93.093   6.269 487.130
 93.193   6.261 487.147
 93.293   6.254 487.163
 93.393   6.246 487.179
 93.493   6.239 487.195
 93.594   6.231 487.211
 93.694   6.224 487.227
 93.794   6.216 487.243
 93.894   6.208 487.258
 93.994   6.201 487.274
 94.094   6.193 487.290
 94.194   6.186 487.306
 94.294   6.179 487.321
 94.394   6.171 487.337
 94.494   6.164 487.353
 94.595   6.156 487.368
 94.695   6.149 487.384
 94.795   6.142 487.399
 94.895   6.134 487.415
 94.995   6.127 487.430
 95.095   6.120 487.446
 95.195   6.112 487.461
 95.295   6.105 487.476
 95.395   6.098 487.492
 95.495   6.090 487.507
 95.596   6.083 487.522
 95.696   6.076 487.537
 95.796   6.069 487.552
 95.896   6.062 487.568
 95.996   6.054 487.583
 96.096   6.047 487.598
 96.196   6.040 487.613
 96.296   6.033 487.628
 96.396   6.026 487.643
 96.496   6.019 487.657
 96.597   6.012 487.672
 96.697   6.005 487.687
 96.797   5.998 487.702
 96.897   5.991 487.717
 96.997   5.984 487.731
 97.097   5.977 487.746
 97.197   5.970 487.761
 97.297   5.963 487.775
 97.397   5.956 487.790
 97.497   5.949 487.804
 97.598   5.942 487.819
 97.698   5.935 487.833
 97.798   5.928 487.848
 97.898   5.922 487.862
 97.998   5.915 487.877
 98.098   5.908 487.891
 98.198   5.901 487.905
 98.298   5.894 487.920
 98.398   5.888 487.934
 98.498   5.881 487.948
 98.599   5.874 487.962
 98.699   5.867 487.976
 98.799   5.861 487.990
 98.899   5.854 488.004
 98.999   5.847 488.019
 99.099   5.841 488.033
 99.199   5.834 488.047
 99.299   5.827 488.060
 99.399   5.821 488.074
 99.499   5.814 488.088
 99.600   5.807 488.102
 99.700   5.801 488.116
 99.800   5.794 488.130
 99.900   5.788 488.143
100.000   5.781 488.157
