# ALPHA_1 0.002
# ALPHA_2 0.001
# BETTA_1 0.004
# BETTA_2 0.001
# GAMMA_1 0.500
# GAMMA_2 0.500
# Y0 150.000
# Z0 27.000
# X_BEG 0.000
# X_END 100.000
# XDOTS_NUM 1000
# DX 0.100
  0.000 150.000  27.000
  0.100 148.157  27.476
  0.200 146.434  27.969
  0.300 144.820  28.479
  0.400 143.307  29.006
  0.501 141.885  29.550
  0.601 140.546  30.111
  0.701 139.285  30.688
  0.801 138.095  31.283
  0.901 136.971  31.894
  1.001 135.906  32.522
  1.101 134.897  33.168
  1.201 133.940  33.831
  1.301 133.030  34.511
  1.401 132.164  35.209
  1.502 131.339  35.924
  1.602 130.552  36.657
  1.702 129.800  37.408
  1.802 129.080  38.177
  1.902 128.391  38.965
  2.002 127.729  39.771
  2.102 127.094  40.595
  2.202 126.483  41.439
  2.302 125.894  42.301
  2.402 125.326  43.183
  2.503 124.777  44.083
  2.603 124.246  45.004
  2.703 123.732  45.944
  2.803 123.234  46.904
  2.903 122.749  47.884
  3.003 122.278  48.885
  3.103 121.819  49.906
  3.203 121.371  50.948
  3.303 120.933  52.010
  3.403 120.505  53.094
  3.504 120.086  54.199
  3.604 119.674  55.325
  3.704 119.270  56.473
  3.804 118.873  57.643
  3.904 118.482  58.835
  4.004 118.096  60.048
  4.104 117.715  61.284
  4.204 117.338  62.543
  4.304 116.965  63.823
  4.404 116.596  65.127
  4.505 116.230  66.453
  4.605 115.866  67.802
  4.705 115.504  69.174
  4.805 115.144  70.569
  4.905 114.786  71.988
  5.005 114.429  73.429
  5.105 114.073  74.894
  5.205 113.717  76.382
  5.305 113.361  77.894
  5.405 113.005  79.429
  5.506 112.649  80.988
  5.606 112.293  82.570
  5.706 111.936  84.176
  5.806 111.578  85.805
  5.906 111.218  87.458
  6.006 110.858  89.133
  6.106 110.496  90.833
  6.206 110.132  92.555
  6.306 109.766  94.301
  6.406 109.398  96.070
  6.507 109.029  97.862
  6.607 108.657  99.676
  6.707 108.282 101.514
  6.807 107.906 103.374
  6.907 107.526 105.256
  7.007 107.144 107.160
  7.107 106.760 109.086
  7.207 106.372 111.034
  7.307 105.982 113.003
  7.407 105.589 114.994
  7.508 105.192 117.005
  7.608 104.793 119.037
  7.708 104.391 121.089
  7.808 103.985 123.161
  7.908 103.577 125.253
  8.008 103.165 127.364
  8.108 102.750 129.493
  8.208 102.332 131.641
  8.308 101.911 133.807
  8.408 101.486 135.991
  8.509 101.059 138.191
  8.609 100.628 140.409
  8.709 100.194 142.642
  8.809  99.757 144.891
  8.909  99.317 147.155
  9.009  98.874 149.434
  9.109  98.428 151.727
  9.209  97.978 154.033
  9.309  97.526 156.352
  9.409  97.071 158.684
  9.510  96.614 161.028
  9.610  96.153 163.382
  9.710  95.690 165.748
  9.810  95.224 168.123
  9.910  94.755 170.508
 10.010  94.284 172.901
 10.110  93.811 175.303
 10.210  93.335 177.712
 10.310  92.857 180.128
 10.410  92.377 182.550
 10.511  91.894 184.977
 10.611  91.410 187.409
 10.711  90.923 189.846
 10.811  90.435 192.286
 10.911  89.945 194.729
 11.011  89.454 197.173
 11.111  88.961 199.620
 11.211  88.466 202.067
 11.311  87.970 204.515
 11.411  87.473 206.962
 11.512  86.974 209.407
 11.612  86.475 211.851
 11.712  85.975 214.293
 11.812  85.473 216.732
 11.912  84.972 219.166
 12.012  84.469 221.597
 12.112  83.966 224.023
 12.212  83.462 226.443
 12.312  82.958 228.856
 12.412  82.454 231.264
 12.513  81.950 233.663
 12.613  81.446 236.055
 12.713  80.942 238.439
 12.813  80.438 240.813
 12.913  79.934 243.178
 13.013  79.431 245.533
 13.113  78.928 247.878
 13.213  78.426 250.211
 13.313  77.925 252.533
 13.413  77.424 254.843
 13.514  76.925 257.140
 13.614  76.426 259.425
 13.714  75.928 261.696
 13.814  75.432 263.954
 13.914  74.936 266.197
 14.014  74.442 268.427
 14.114  73.950 270.641
 14.214  73.459 272.840
 14.314  72.969 275.024
 14.414  72.481 277.192
 14.515  71.995 279.344
 14.615  71.511 281.479
 14.715  71.029 283.598
 14.815  70.548 285.700
 14.915  70.070 287.785
 15.015  69.593 289.853
 15.115  69.119 291.903
 15.215  68.647 293.935
 15.315  68.178 295.950
 15.415  67.710 297.946
 15.516  67.245 299.924
 15.616  66.783 301.884
 15.716  66.322 303.825
 15.816  65.865 305.748
 15.916  65.410 307.652
 16.016  64.957 309.538
 16.116  64.508 311.404
 16.216  64.061 313.252
 16.316  63.617 315.081
 16.416  63.175 316.891
 16.517  62.736 318.682
 16.617  62.301 320.454
 16.717  61.868 322.207
 16.817  61.438 323.941
 16.917  61.010 325.656
 17.017  60.586 327.352
 17.117  60.165 329.030
 17.217  59.747 330.688
 17.317  59.332 332.328
 17.417  58.919 333.949
 17.518  58.510 335.551
 17.618  58.104 337.135
 17.718  57.701 338.700
 17.818  57.301 340.247
 17.918  56.905 341.776
 18.018  56.511 343.286
 18.118  56.120 344.779
 18.218  55.733 346.253
 18.318  55.348 347.710
 18.418  54.967 349.148
 18.519  54.589 350.570
 18.619  54.214 351.974
 18.719  53.842 353.360
 18.819  53.473 354.730
 18.919  53.107 356.082
 19.019  52.744 357.417
 19.119  52.385 358.736
 19.219  52.028 360.038
 19.319  51.675 361.324
 19.419  51.325 362.594
 19.520  50.977 363.847
 19.620  50.633 365.085
 19.720  50.292 366.307
 19.820  49.954 367.513
 19.920  49.619 368.704
 20.020  49.286 369.880
 20.120  48.957 371.040
 20.220  48.631 372.186
 20.320  48.308 373.317
 20.420  47.987 374.433
 20.521  47.670 375.535
 20.621  47.356 376.623
 20.721  47.044 377.696
 20.821  46.735 378.756
 20.921  46.429 379.802
 21.021  46.126 380.835
 21.121  45.826 381.854
 21.221  45.528 382.861
 21.321  45.234 383.854
 21.421  44.942 384.834
 21.522  44.652 385.802
 21.622  44.366 386.757
 21.722  44.082 387.700
 21.822  43.801 388.630
 21.922  43.522 389.549
 22.022  43.246 390.456
 22.122  42.973 391.351
 22.222  42.702 392.235
 22.322  42.434 393.107
 22.422  42.168 393.968
 22.523  41.905 394.818
 22.623  41.644 395.657
 22.723  41.386 396.486
 22.823  41.130 397.304
 22.923  40.877 398.111
 23.023  40.626 398.909
 23.123  40.378 399.696
 23.223  40.131 400.473
 23.323  39.888 401.240
 23.423  39.646 401.998
 23.524  39.407 402.746
 23.624  39.170 403.485
 23.724  38.935 404.214
 23.824  38.702 404.935
 23.924  38.472 405.646
 24.024  38.244 406.349
 24.124  38.018 407.042
 24.224  37.794 407.728
 24.324  37.572 408.404
 24.424  37.352 409.073
 24.525  37.135 409.733
 24.625  36.919 410.385
 24.725  36.706 411.029
 24.825  36.494 411.666
 24.925  36.284 412.294
 25.025  36.077 412.915
 25.125  35.871 413.528
 25.225  35.667 414.134
 25.325  35.466 414.733
 25.425  35.266 415.325
 25.526  35.067 415.909
 25.626  34.871 416.487
 25.726  34.677 417.058
 25.826  34.484 417.622
 25.926  34.293 418.179
 26.026  34.104 418.730
 26.126  33.917 419.274
 26.226  33.731 419.812
 26.326  33.547 420.344
 26.426  33.365 420.869
 26.527  33.184 421.388
 26.627  33.005 421.902
 26.727  32.828 422.410
 26.827  32.652 422.911
 26.927  32.478 423.407
 27.027  32.305 423.898
 27.127  32.134 424.383
 27.227  31.965 424.862
 27.327  31.797 425.336
 27.427  31.631 425.805
 27.528  31.466 426.268
 27.628  31.302 426.726
 27.728  31.140 427.180
 27.828  30.980 427.628
 27.928  30.820 428.071
 28.028  30.663 428.510
 28.128  30.506 428.943
 28.228  30.351 429.372
 28.328  30.198 429.796
 28.428  30.046 430.216
 28.529  29.895 430.631
 28.629  29.745 431.042
 28.729  29.597 431.448
 28.829  29.450 431.850
 28.929  29.304 432.248
 29.029  29.160 432.642
 29.129  29.016 433.031
 29.229  28.874 433.416
 29.329  28.734 433.798
 29.429  28.594 434.175
 29.530  28.456 434.548
 29.630  28.318 434.918
 29.730  28.182 435.284
 29.830  28.048 435.646
 29.930  27.914 436.004
 30.030  27.781 436.359
 30.130  27.650 436.710
 30.230  27.519 437.057
 30.330  27.390 437.401
 30.430  27.262 437.742
 30.531  27.135 438.079
 30.631  27.009 438.413
 30.731  26.884 438.744
 30.831  26.759 439.071
 30.931  26.636 439.395
 31.031  26.515 439.716
 31.131  26.394 440.034
 31.231  26.274 440.348
 31.331  26.154 440.660
 31.431  26.036 440.969
 31.532  25.919 441.274
 31.632  25.803 441.577
 31.732  25.688 441.877
 31.832  25.574 442.174
 31.932  25.460 442.468
 32.032  25.348 442.760
 32.132  25.236 443.048
 32.232  25.126 443.334
 32.332  25.016 443.618
 32.432  24.907 443.898
 32.533  24.799 444.177
 32.633  24.691 444.452
 32.733  24.585 444.725
 32.833  24.479 444.996
 32.933  24.375 445.264
 33.033  24.271 445.529
 33.133  24.168 445.793
 33.233  24.065 446.053
 33.333  23.964 446.312
 33.433  23.863 446.568
 33.534  23.763 446.822
 33.634  23.664 447.074
 33.734  23.565 447.323
 33.834  23.468 447.570
 33.934  23.371 447.815
 34.034  23.274 448.058
 34.134  23.179 448.299
 34.234  23.084 448.538
 34.334  22.990 448.775
 34.434  22.897 449.009
 34.535  22.804 449.242
 34.635  22.712 449.472
 34.735  22.621 449.701
 34.835  22.530 449.928
 34.935  22.440 450.153
 35.035  22.351 450.376
 35.135  22.262 450.597
 35.235  22.174 450.816
 35.335  22.087 451.033
 35.435  22.000 451.249
 35.536  21.914 451.462
 35.636  21.828 451.674
 35.736  21.743 451.885
 35.836  21.659 452.093
 35.936  21.575 452.300
 36.036  21.492 452.505
 36.136  21.410 452.709
 36.236  21.328 452.910
 36.336  21.247 453.111
 36.436  21.166 453.309
 36.537  21.086 453.506
 36.637  21.006 453.702
 36.737  20.927 453.895
 36.837  20.849 454.088
 36.937  20.771 454.279
 37.037  20.693 454.468
 37.137  20.616 454.656
 37.237  20.540 454.842
 37.337  20.464 455.027
 37.437  20.389 455.211
 37.538  20.314 455.393
 37.638  20.240 455.573
 37.738  20.166 455.753
 37.838  20.093 455.931
 37.938  20.020 456.107
 38.038  19.948 456.283
 38.138  19.876 456.456
 38.238  19.805 456.629
 38.338  19.734 456.800
 38.438  19.663 456.970
 38.539  19.594 457.139
 38.639  19.524 457.307
 38.739  19.455 457.473
 38.839  19.387 457.638
 38.939  19.319 457.802
 39.039  19.251 457.964
 39.139  19.184 458.126
 39.239  19.117 458.286
 39.339  19.051 458.445
 39.439  18.985 458.603
 39.540  18.920 458.760
 39.640  18.855 458.915
 39.740  18.790 459.070
 39.840  18.726 459.223
 39.940  18.662 459.375
 40.040  18.599 459.527
 40.140  18.536 459.677
 40.240  18.473 459.826
 40.340  18.411 459.974
 40.440  18.349 460.121
 40.541  18.288 460.267
 40.641  18.227 460.412
 40.741  18.166 460.556
 40.841  18.106 460.699
 40.941  18.046 460.841
 41.041  17.987 460.982
 41.141  17.928 461.122
 41.241  17.869 461.261
 41.341  17.811 461.399
 41.441  17.753 461.536
 41.542  17.695 461.672
 41.642  17.638 461.808
 41.742  17.581 461.942
 41.842  17.524 462.076
 41.942  17.468 462.208
 42.042  17.412 462.340
 42.142  17.356 462.471
 42.242  17.301 462.601
 42.342  17.246 462.730
 42.442  17.191 462.858
 42.543  17.137 462.985
 42.643  17.083 463.112
 42.743  17.030 463.238
 42.843  16.976 463.363
 42.943  16.923 463.487
 43.043  16.871 463.610
 43.143  16.818 463.733
 43.243  16.766 463.854
 43.343  16.715 463.975
 43.443  16.663 464.095
 43.544  16.612 464.215
 43.644  16.561 464.333
 43.744  16.511 464.451
 43.844  16.460 464.568
 43.944  16.410 464.685
 44.044  16.361 464.800
 44.144  16.311 464.915
 44.244  16.262 465.030
 44.344  16.213 465.143
 44.444  16.165 465.256
 44.545  16.117 465.368
 44.645  16.069 465.479
 44.745  16.021 465.590
 44.845  15.973 465.700
 44.945  15.926 465.809
 45.045  15.879 465.918
 45.145  15.833 466.026
 45.245  15.786 466.134
 45.345  15.740 466.240
 45.445  15.694 466.346
 45.546  15.649 466.452
 45.646  15.603 466.557
 45.746  15.558 466.661
 45.846  15.513 466.764
 45.946  15.469 466.867
 46.046  15.424 466.969
 46.146  15.380 467.071
 46.246  15.336 467.172
 46.346  15.293 467.273
 46.446  15.249 467.373
 46.547  15.206 467.472
 46.647  15.163 467.571
 46.747  15.120 467.669
 46.847  15.078 467.766
 46.947  15.036 467.863
 47.047  14.994 467.960
 47.147  14.952 468.056
 47.247  14.910 468.151
 47.347  14.869 468.246
 47.447  14.828 468.340
 47.548  14.787 468.434
 47.648  14.746 468.527
 47.748  14.705 468.620
 47.848  14.665 468.712
 47.948  14.625 468.803
 48.048  14.585 468.894
 48.148  14.546 468.985
 48.248  14.506 469.075
 48.348  14.467 469.165
 48.448  14.428 469.254
 48.549  14.389 469.342
 48.649  14.350 469.430
 48.749  14.312 469.518
 48.849  14.274 469.605
 48.949  14.236 469.692
 49.049  14.198 469.778
 49.149  14.160 469.863
 49.249  14.123 469.949
 49.349  14.085 470.033
 49.449  14.048 470.118
 49.550  14.011 470.201
 49.650  13.975 470.285
 49.750  13.938 470.368
 49.850  13.902 470.450
 49.950  13.866 470.532
 50.050  13.830 470.614
 50.150  13.794 470.695
 50.250  13.758 470.776
 50.350  13.723 470.856
 50.450  13.687 470.936
 50.551  13.652 471.015
 50.651  13.617 471.094
 50.751  13.583 471.173
 50.851  13.548 471.251
 50.951  13.514 471.329
 51.051  13.479 471.406
 51.151  13.445 471.483
 51.251  13.411 471.560
 51.351  13.378 471.636
 51.451  13.344 471.712
 51.552  13.311 471.787
 51.652  13.277 471.862
 51.752  13.244 471.937
 51.852  13.211 472.011
 51.952  13.178 472.085
 52.052  13.146 472.158
 52.152  13.113 472.231
 52.252  13.081 472.304
 52.352  13.049 472.376
 52.452  13.017 472.448
 52.553  12.985 472.520
 52.653  12.953 472.591
 52.753  12.922 472.662
 52.853  12.890 472.733
 52.953  12.859 472.803
 53.053  12.828 472.873
 53.153  12.797 472.942
 53.253  12.766 473.011
 53.353  12.735 473.080
 53.453  12.705 473.148
 53.554  12.674 473.217
 53.654  12.644 473.284
 53.754  12.614 473.352
 53.854  12.584 473.419
 53.954  12.554 473.486
 54.054  12.524 473.552
 54.154  12.495 473.618
 54.254  12.465 473.684
 54.354  12.436 473.750
 54.454  12.407 473.815
 54.555  12.378 473.880
 54.655  12.349 473.944
 54.755  12.320 474.009
 54.855  12.291 474.073
 54.955  12.263 474.136
 55.055  12.235 474.200
 55.155  12.206 474.263
 55.255  12.178 474.325
 55.355  12.150 474.388
 55.455  12.122 474.450
 55.556  12.094 474.512
 55.656  12.067 474.573
 55.756  12.039 474.635
 55.856  12.012 474.696
 55.956  11.985 474.756
 56.056  11.957 474.817
 56.156  11.930 474.877
 56.256  11.903 474.937
 56.356  11.877 474.996
 56.456  11.850 475.056
 56.557  11.823 475.115
 56.657  11.797 475.174
 56.757  11.771 475.232
 56.857  11.744 475.290
 56.957  11.718 475.348
 57.057  11.692 475.406
 57.157  11.666 475.463
 57.257  11.640 475.521
 57.357  11.615 475.578
 57.457  11.589 475.634
 57.558  11.564 475.691
 57.658  11.538 475.747
 57.758  11.513 475.803
 57.858  11.488 475.858
 57.958  11.463 475.914
 58.058  11.438 475.969
 58.158  11.413 476.024
 58.258  11.389 476.078
 58.358  11.364 476.133
 58.458  11.339 476.187
 58.559  11.315 476.241
 58.659  11.291 476.295
 58.759  11.267 476.348
 58.859  11.242 476.401
 58.959  11.218 476.454
 59.059  11.195 476.507
 59.159  11.171 476.560
 59.259  11.147 476.612
 59.359  11.123 476.664
 59.459  11.100 476.716
 59.560  11.076 476.768
 59.660  11.053 476.819
 59.760  11.030 476.870
 59.860  11.007 476.921
 59.960  10.984 476.972
 60.060  10.961 477.022
 60.160  10.938 477.073
 60.260  10.915 477.123
 60.360  10.893 477.173
 60.460  10.870 477.222
 60.561  10.848 477.272
 60.661  10.825 477.321
 60.761  10.803 477.370
 60.861  10.781 477.419
 60.961  10.759 477.468
 61.061  10.736 477.516
 61.161  10.715 477.564
 61.261  10.693 477.612
 61.361  10.671 477.660
 61.461  10.649 477.708
 61.562  10.628 477.755
 61.662  10.606 477.802
 61.762  10.585 477.849
 61.862  10.563 477.896
 61.962  10.542 477.943
 62.062  10.521 477.989
 62.162  10.500 478.036
 62.262  10.479 478.082
 62.362  10.458 478.128
 62.462  10.437 478.173
 62.563  10.416 478.219
 62.663  10.396 478.264
 62.763  10.375 478.309
 62.863  10.354 478.354
 62.963  10.334 478.399
 63.063  10.314 478.444
 63.163  10.293 478.488
 63.263  10.273 478.532
 63.363  10.253 478.576
 63.463  10.233 478.620
 63.564  10.213 478.664
 63.664  10.193 478.707
 63.764  10.173 478.751
 63.864  10.153 478.794
 63.964  10.134 478.837
 64.064  10.114 478.880
 64.164  10.094 478.923
 64.264  10.075 478.965
 64.364  10.056 479.007
 64.464  10.036 479.050
 64.565  10.017 479.092
 64.665   9.998 479.133
 64.765   9.979 479.175
 64.865   9.960 479.217
 64.965   9.941 479.258
 65.065   9.922 479.299
 65.165   9.903 479.340
 65.265   9.884 479.381
 65.365   9.866 479.422
 65.465   9.847 479.462
 65.566   9.828 479.503
 65.666   9.810 479.543
 65.766   9.792 479.583
 65.866   9.773 479.623
 65.966   9.755 479.663
 66.066   9.737 479.703
 66.166   9.719 479.742
 66.266   9.701 479.781
 66.366   9.683 479.821
 66.466   9.665 479.860
 66.567   9.647 479.899
 66.667   9.629 479.937
 66.767   9.611 479.976
 66.867   9.593 480.014
 66.967   9.576 480.053
 67.067   9.558 480.091
 67.167   9.541 480.129
 67.267   9.523 480.167
 67.367   9.506 480.204
 67.467   9.489 480.242
 67.568   9.471 480.280
 67.668   9.454 480.317
 67.768   9.437 480.354
 67.868   9.420 480.391
 67.968   9.403 480.428
 68.068   9.386 480.465
 68.168   9.369 480.501
 68.268   9.352 480.538
 68.368   9.335 480.574
 68.468   9.319 480.611
 68.569   9.302 480.647
 68.669   9.286 480.683
 68.769   9.269 480.718
 68.869   9.253 480.754
 68.969   9.236 480.790
 69.069   9.220 480.825
 69.169   9.203 480.861
 69.269   9.187 480.896
 69.369   9.171 480.931
 69.469   9.155 480.966
 69.570   9.139 481.001
 69.670   9.123 481.035
 69.770   9.107 481.070
 69.870   9.091 481.104
 69.970   9.075 481.139
 70.070   9.059 481.173
 70.170   9.043 481.207
 70.270   9.028 481.241
 70.370   9.012 481.275
 70.470   8.996 481.308
 70.571   8.981 481.342
 70.671   8.965 481.376
 70.771   8.950 481.409
 70.871   8.935 481.442
 70.971   8.919 481.475
 71.071   8.904 481.508
 71.171   8.889 481.541
 71.271   8.873 481.574
 71.371   8.858 481.607
 71.471   8.843 481.639
 71.572   8.828 481.672
 71.672   8.813 481.704
 71.772   8.798 481.736
 71.872   8.783 481.768
 71.972   8.769 481.800
 72.072   8.754 481.832
 72.172   8.739 481.864
 72.272   8.724 481.896
 72.372   8.710 481.927
 72.472   8.695 481.959
 72.573   8.681 481.990
 72.673   8.666 482.021
 72.773   8.652 482.053
 72.873   8.637 482.084
 72.973   8.623 482.114
 73.073   8.609 482.145
 73.173   8.594 482.176
 73.273   8.580 482.207
 73.373   8.566 482.237
 73.473   8.552 482.268
 73.574   8.538 482.298
 73.674   8.524 482.328
 73.774   8.510 482.358
 73.874   8.496 482.388
 73.974   8.482 482.418
 74.074   8.468 482.448
 74.174   8.454 482.478
 74.274   8.440 482.507
 74.374   8.427 482.537
 74.474   8.413 482.566
 74.575   8.399 482.595
 74.675   8.386 482.625
 74.775   8.372 482.654
 74.875   8.359 482.683
 74.975   8.345 482.712
 75.075   8.332 482.741
 75.175   8.318 482.769
 75.275   8.305 482.798
 75.375   8.292 482.827
 75.475   8.279 482.855
 75.576   8.265 482.883
 75.676   8.252 482.912
 75.776   8.239 482.940
 75.876   8.226 482.968
 75.976   8.213 482.996
 76.076   8.200 483.024
 76.176   8.187 483.052
 76.276   8.174 483.079
 76.376   8.161 483.107
 76.476   8.148 483.135
 76.577   8.135 483.162
 76.677   8.123 483.189
 76.777   8.110 483.217
 76.877   8.097 483.244
 76.977   8.085 483.271
 77.077   8.072 483.298
 77.177   8.059 483.325
 77.277   8.047 483.352
 77.377   8.034 483.379
 77.477   8.022 483.405
 77.578   8.010 483.432
 77.678   7.997 483.459
 77.778   7.985 483.485
 77.878   7.972 483.511
 77.978   7.960 483.538
 78.078   7.948 483.564
 78.178   7.936 483.590
 78.278   7.924 483.616
 78.378   7.911 483.642
 78.478   7.899 483.668
 78.579   7.887 483.694
 78.679   7.875 483.719
 78.779   7.863 483.745
 78.879   7.851 483.770
 78.979   7.839 483.796
 79.079   7.828 483.821
 79.179   7.816 483.847
 79.279   7.804 483.872
 79.379   7.792 483.897
 79.479   7.780 483.922
 79.580   7.769 483.947
 79.680   7.757 483.972
 79.780   7.745 483.997
 79.880   7.734 484.022
 79.980   7.722 484.046
 80.080   7.711 484.071
 80.180   7.699 484.096
 80.280   7.688 484.120
 80.380   7.676 484.144
 80.480   7.665 484.169
 80.581   7.654 484.193
 80.681   7.642 484.217
 80.781   7.631 484.241
 80.881   7.620 484.265
 80.981   7.609 484.289
 81.081   7.597 484.313
 81.181   7.586 484.337
 81.281   7.575 484.361
 81.381   7.564 484.384
 81.481   7.553 484.408
 81.582   7.542 484.432
 81.682   7.531 484.455
 81.782   7.520 484.478
 81.882   7.509 484.502
 81.982   7.498 484.525
 82.082   7.487 484.548
 82.182   7.476 484.571
 82.282   7.465 484.594
 82.382   7.455 484.617
 82.482   7.444 484.640
 82.583   7.433 484.663
 82.683   7.422 484.686
 82.783   7.412 484.709
 82.883   7.401 484.731
 82.983   7.391 484.754
 83.083   7.380 484.777
 83.183   7.369 484.799
 83.283   7.359 484.821
 83.383   7.348 484.844
 83.483   7.338 484.866
 83.584   7.328 484.888
 83.684   7.317 484.910
 83.784   7.307 484.932
 83.884   7.296 484.954
 83.984   7.286 484.976
 84.084   7.276 484.998
 84.184   7.266 485.020
 84.284   7.255 485.042
 84.384   7.245 485.063
 84.484   7.235 485.085
 84.585   7.225 485.107
 84.685   7.215 485.128
 84.785   7.205 485.150
 84.885   7.195 485.171
 84.985   7.185 485.192
 85.085   7.175 485.214
 85.185   7.165 485.235
 85.285   7.155 485.256
 85.385   7.145 485.277
 85.485   7.135 485.298
 85.586   7.125 485.319
 85.686   7.115 485.340
 85.786   7.105 485.361
 85.886   7.095 485.382
 85.986   7.086 485.402
 86.086   7.076 485.423
 86.186   7.066 485.444
 86.286   7.057 485.464
 86.386   7.047 485.485
 86.486   7.037 485.505
 86.587   7.028 485.526
 86.687   7.018 485.546
 86.787   7.009 485.566
 86.887   6.999 485.586
 86.987   6.990 485.607
 87.087   6.980 485.627
 87.187   6.971 485.647
 87.287   6.961 485.667
 87.387   6.952 485.687
 87.487   6.942 485.707
 87.588   6.933 485.726
 87.688   6.924 485.746
 87.788   6.914 485.766
 87.888   6.905 485.786
 87.988   6.896 485.805
 88.088   6.887 485.825
 88.188   6.877 485.844
 88.288   6.868 485.864
 88.388   6.859 485.883
 88.488   6.850 485.903
 88.589   6.841 485.922
 88.689   6.832 485.941
 88.789   6.823 485.960
 88.889   6.814 485.980
 88.989   6.805 485.999
 89.089   6.796 486.018
 89.189   6.787 486.037
 89.289   6.778 486.056
 89.389   6.769 486.074
 89.489   6.760 486.093
 89.590   6.751 486.112
 89.690   6.742 486.131
 89.790   6.733 486.150
 89.890   6.725 486.168
 89.990   6.716 486.187
 90.090   6.707 486.205
 90.190   6.698 486.224
 90.290   6.690 486.242
 90.390   6.681 486.261
 90.490   6.672 486.279
 90.591   6.664 486.297
 90.691   6.655 486.316
 90.791   6.646 486.334
 90.891   6.638 486.352
 90.991   6.629 486.370
 91.091   6.621 486.388
 91.191   6.612 486.406
 91.291   6.604 486.424
 91.391   6.595 486.442
 91.491   6.587 486.460
 91.592   6.578 486.478
 91.692   6.570 486.496
 91.792   6.561 486.513
 91.892   6.553 486.531
 91.992   6.545 486.549
 92.092   6.536 486.566
 92.192   6.528 486.584
 92.292   6.520 486.601
 92.392   6.512 486.619
 92.492   6.503 486.636
 92.593   6.495 486.654
 92.693   6.487 486.671
 92.793   6.479 486.688
 92.893   6.471 486.705
 92.993   6.462 486.723
 93.093   6.454 486.740
 93.193   6.446 486.757
 93.293   6.438 486.774
 93.393   6.430 486.791
 93.493   6.422 486.808
 93.594   6.414 486.825
 93.694   6.406 486.842
 93.794   6.398 486.859
 93.894   6.390 486.876
 93.994   6.382 486.892
 94.094   6.374 486.909
 94.194   6.366 486.926
 94.294   6.358 486.942
 94.394   6.350 486.959
 94.494   6.343 486.975
 94.595   6.335 486.992
 94.695   6.327 487.008
 94.795   6.319 487.025
 94.895   6.311 487.041
 94.995   6.304 487.058
 95.095   6.296 487.074
 95.195   6.288 487.090
 95.295   6.281 487.106
 95.395   6.273 487.123
 95.495   6.265 487.139
 95.596   6.258 487.155
 95.696   6.250 487.171
 95.796   6.242 487.187
 95.896   6.235 487.203
 95.996   6.227 487.219
 96.096   6.220 487.235
 96.196   6.212 487.251
 96.296   6.205 487.267
 96.396   6.197 487.282
 96.496   6.190 487.298
 96.597   6.182 487.314
 96.697   6.175 487.330
 96.797   6.167 487.345
 96.897   6.160 487.361
 96.997   6.152 487.376
 97.097   6.145 487.392
 97.197   6.138 487.407
 97.297   6.130 487.423
 97.397   6.123 487.438
 97.497   6.116 487.454
 97.598   6.108 487.469
 97.698   6.101 487.484
 97.798   6.094 487.500
 97.898   6.087 487.515
 97.998   6.079 487.530
 98.098   6.072 487.545
 98.198   6.065 487.560
 98.298   6.058 487.575
 98.398   6.051 487.590
 98.498   6.044 487.605
 98.599   6.037 487.620
 98.699   6.029 487.635
 98.799   6.022 487.650
 98.899   6.015 487.665
 98.999   6.008 487.680
 99.099   6.001 487.695
 99.199   5.994 487.710
 99.299   5.987 487.724
 99.399   5.980 487.739
 99.499   5.973 487.754
 99.600   5.966 487.768
 99.700   5.959 487.783
 99.800   5.952 487.797
 99.900   5.945 487.812
100.000   5.939 487.826
