# ALPHA_1 0.002
# ALPHA_2 0.001
# BETTA_1 0.004
# BETTA_2 0.001
# GAMMA_1 0.500
# GAMMA_2 0.500
# Y0 150.000
# Z0 26.000
# X_BEG 0.000
# X_END 100.000
# XDOTS_NUM 1000
# DX 0.100
  0.000 150.000  26.000
  0.100 148.171  26.461
  0.200 146.462  26.939
  0.300 144.861  27.433
  0.400 143.359  27.943
  0.501 141.949  28.469
  0.601 140.621  29.012
  0.701 139.371  29.572
  0.801 138.190  30.147
  0.901 137.075  30.739
  1.001 136.020  31.348
  1.101 135.020  31.973
  1.201 134.071  32.615
  1.301 133.169  33.274
  1.401 132.311  33.950
  1.502 131.494  34.643
  1.602 130.715  35.354
  1.702 129.970  36.082
  1.802 129.258  36.827
  1.902 128.576  37.591
  2.002 127.921  38.372
  2.102 127.293  39.172
  2.202 126.689  39.989
  2.302 126.107  40.826
  2.402 125.546  41.681
  2.503 125.004  42.555
  2.603 124.480  43.448
  2.703 123.973  44.361
  2.803 123.480  45.293
  2.903 123.003  46.245
  3.003 122.538  47.217
  3.103 122.086  48.208
  3.203 121.644  49.220
  3.303 121.214  50.253
  3.403 120.792  51.306
  3.504 120.380  52.380
  3.604 119.975  53.476
  3.704 119.578  54.592
  3.804 119.187  55.730
  3.904 118.803  56.889
  4.004 118.423  58.070
  4.104 118.049  59.274
  4.204 117.680  60.499
  4.304 117.314  61.746
  4.404 116.951  63.016
  4.505 116.592  64.308
  4.605 116.235  65.623
  4.705 115.881  66.961
  4.805 115.528  68.321
  4.905 115.177  69.705
  5.005 114.826  71.112
  5.105 114.477  72.541
  5.205 114.129  73.994
  5.305 113.780  75.471
  5.405 113.432  76.971
  5.506 113.083  78.494
  5.606 112.734  80.040
  5.706 112.384  81.610
  5.806 112.033  83.204
  5.906 111.681  84.821
  6.006 111.328  86.461
  6.106 110.973  88.125
  6.206 110.616  89.812
  6.306 110.258  91.522
  6.406 109.898  93.256
  6.507 109.535  95.012
  6.607 109.171  96.792
  6.707 108.804  98.595
  6.807 108.434 100.420
  6.907 108.062 102.268
  7.007 107.687 104.138
  7.107 107.310 106.031
  7.207 106.930 107.945
  7.307 106.546 109.882
  7.407 106.160 111.839
  7.508 105.771 113.819
  7.608 105.379 115.819
  7.708 104.983 117.840
  7.808 104.585 119.881
  7.908 104.183 121.942
  8.008 103.778 124.024
  8.108 103.370 126.124
  8.208 102.959 128.244
  8.308 102.544 130.382
  8.408 102.126 132.538
  8.509 101.705 134.712
  8.609 101.280 136.904
  8.709 100.853 139.112
  8.809 100.422 141.337
  8.909  99.988 143.578
  9.009  99.550 145.834
  9.109  99.110 148.105
  9.209  98.667 150.390
  9.309  98.220 152.689
  9.409  97.771 155.002
  9.510  97.318 157.327
  9.610  96.863 159.664
  9.710  96.404 162.013
  9.810  95.943 164.373
  9.910  95.480 166.743
 10.010  95.013 169.123
 10.110  94.544 171.512
 10.210  94.073 173.909
 10.310  93.599 176.314
 10.410  93.123 178.727
 10.511  92.644 181.146
 10.611  92.163 183.570
 10.711  91.680 186.000
 10.811  91.196 188.435
 10.911  90.709 190.873
 11.011  90.220 193.315
 11.111  89.730 195.759
 11.211  89.238 198.205
 11.311  88.745 200.652
 11.411  88.250 203.100
 11.512  87.754 205.547
 11.612  87.256 207.994
 11.712  86.758 210.439
 11.812  86.258 212.883
 11.912  85.757 215.323
 12.012  85.256 217.761
 12.112  84.754 220.194
 12.212  84.252 222.623
 12.312  83.748 225.046
 12.412  83.245 227.464
 12.513  82.741 229.875
 12.613  82.237 232.280
 12.713  81.733 234.676
 12.813  81.229 237.065
 12.913  80.725 239.445
 13.013  80.222 241.815
 13.113  79.718 244.176
 13.213  79.215 246.527
 13.313  78.713 248.867
 13.413  78.211 251.196
 13.514  77.710 253.513
 13.614  77.210 255.818
 13.714  76.711 258.110
 13.814  76.213 260.389
 13.914  75.715 262.655
 14.014  75.220 264.906
 14.114  74.725 267.144
 14.214  74.232 269.367
 14.314  73.740 271.575
 14.414  73.249 273.768
 14.515  72.761 275.945
 14.615  72.274 278.106
 14.715  71.788 280.251
 14.815  71.305 282.380
 14.915  70.823 284.492
 15.015  70.344 286.587
 15.115  69.866 288.664
 15.215  69.391 290.725
 15.315  68.918 292.767
 15.415  68.447 294.792
 15.516  67.978 296.799
 15.616  67.512 298.788
 15.716  67.048 300.758
 15.816  66.586 302.710
 15.916  66.127 304.644
 16.016  65.671 306.559
 16.116  65.217 308.455
 16.216  64.766 310.333
 16.316  64.317 312.191
 16.416  63.871 314.031
 16.517  63.428 315.852
 16.617  62.988 317.654
 16.717  62.550 319.437
 16.817  62.116 321.201
 16.917  61.684 322.946
 17.017  61.255 324.672
 17.117  60.829 326.379
 17.217  60.407 328.067
 17.317  59.987 329.736
 17.417  59.570 331.387
 17.518  59.156 333.019
 17.618  58.745 334.632
 17.718  58.337 336.226
 17.818  57.932 337.802
 17.918  57.531 339.360
 18.018  57.132 340.899
 18.118  56.737 342.420
 18.218  56.344 343.923
 18.318  55.955 345.407
 18.418  55.569 346.874
 18.519  55.186 348.323
 18.619  54.806 349.755
 18.719  54.429 351.168
 18.819  54.055 352.565
 18.919  53.684 353.944
 19.019  53.317 355.306
 19.119  52.952 356.652
 19.219  52.591 357.980
 19.319  52.233 359.292
 19.419  51.878 360.587
 19.520  51.526 361.866
 19.620  51.177 363.129
 19.720  50.831 364.375
 19.820  50.488 365.606
 19.920  50.148 366.821
 20.020  49.811 368.021
 20.120  49.477 369.205
 20.220  49.146 370.375
 20.320  48.818 371.529
 20.420  48.493 372.668
 20.521  48.171 373.793
 20.621  47.852 374.903
 20.721  47.536 375.999
 20.821  47.223 377.081
 20.921  46.912 378.149
 21.021  46.605 379.203
 21.121  46.300 380.243
 21.221  45.998 381.270
 21.321  45.699 382.284
 21.421  45.403 383.284
 21.522  45.109 384.272
 21.622  44.818 385.247
 21.722  44.530 386.209
 21.822  44.245 387.159
 21.922  43.962 388.097
 22.022  43.682 389.022
 22.122  43.404 389.936
 22.222  43.130 390.838
 22.322  42.857 391.728
 22.422  42.588 392.607
 22.523  42.321 393.474
 22.623  42.056 394.331
 22.723  41.794 395.176
 22.823  41.534 396.011
 22.923  41.277 396.835
 23.023  41.022 397.648
 23.123  40.770 398.452
 23.223  40.520 399.245
 23.323  40.273 400.027
 23.423  40.027 400.800
 23.524  39.785 401.564
 23.624  39.544 402.317
 23.724  39.306 403.061
 23.824  39.070 403.796
 23.924  38.836 404.522
 24.024  38.604 405.238
 24.124  38.375 405.946
 24.224  38.147 406.645
 24.324  37.922 407.335
 24.424  37.699 408.016
 24.525  37.478 408.690
 24.625  37.260 409.355
 24.725  37.043 410.011
 24.825  36.828 410.660
 24.925  36.615 411.301
 25.025  36.405 411.934
 25.125  36.196 412.559
 25.225  35.989 413.177
 25.325  35.784 413.787
 25.425  35.581 414.390
 25.526  35.380 414.986
 25.626  35.181 415.574
 25.726  34.984 416.156
 25.826  34.788 416.730
 25.926  34.594 417.298
 26.026  34.403 417.859
 26.126  34.212 418.414
 26.226  34.024 418.962
 26.326  33.837 419.503
 26.426  33.652 420.039
 26.527  33.469 420.568
 26.627  33.288 421.091
 26.727  33.108 421.608
 26.827  32.929 422.119
 26.927  32.753 422.624
 27.027  32.578 423.123
 27.127  32.404 423.617
 27.227  32.232 424.105
 27.327  32.062 424.587
 27.427  31.893 425.064
 27.528  31.726 425.536
 27.628  31.560 426.002
 27.728  31.396 426.464
 27.828  31.233 426.920
 27.928  31.072 427.371
 28.028  30.912 427.817
 28.128  30.753 428.258
 28.228  30.596 428.695
 28.328  30.440 429.126
 28.428  30.286 429.553
 28.529  30.133 429.975
 28.629  29.981 430.393
 28.729  29.831 430.806
 28.829  29.682 431.215
 28.929  29.534 431.620
 29.029  29.388 432.020
 29.129  29.242 432.416
 29.229  29.099 432.808
 29.329  28.956 433.195
 29.429  28.814 433.579
 29.530  28.674 433.959
 29.630  28.535 434.334
 29.730  28.397 434.706
 29.830  28.260 435.074
 29.930  28.125 435.438
 30.030  27.991 435.799
 30.130  27.857 436.155
 30.230  27.725 436.508
 30.330  27.594 436.858
 30.430  27.464 437.204
 30.531  27.335 437.547
 30.631  27.208 437.886
 30.731  27.081 438.222
 30.831  26.955 438.554
 30.931  26.831 438.883
 31.031  26.707 439.209
 31.131  26.584 439.532
 31.231  26.463 439.851
 31.331  26.342 440.168
 31.431  26.223 440.481
 31.532  26.104 440.792
 31.632  25.987 441.099
 31.732  25.870 441.403
 31.832  25.754 441.705
 31.932  25.639 442.004
 32.032  25.525 442.299
 32.132  25.412 442.593
 32.232  25.300 442.883
 32.332  25.189 443.170
 32.432  25.079 443.455
 32.533  24.969 443.737
 32.633  24.861 444.017
 32.733  24.753 444.294
 32.833  24.646 444.569
 32.933  24.540 444.840
 33.033  24.435 445.110
 33.133  24.330 445.377
 33.233  24.227 445.642
 33.333  24.124 445.904
 33.433  24.022 446.164
 33.534  23.921 446.421
 33.634  23.820 446.676
 33.734  23.721 446.929
 33.834  23.622 447.180
 33.934  23.524 447.429
 34.034  23.426 447.675
 34.134  23.330 447.919
 34.234  23.234 448.161
 34.334  23.138 448.401
 34.434  23.044 448.639
 34.535  22.950 448.875
 34.635  22.857 449.108
 34.735  22.765 449.340
 34.835  22.673 449.570
 34.935  22.582 449.798
 35.035  22.492 450.024
 35.135  22.402 450.248
 35.235  22.313 450.470
 35.335  22.224 450.690
 35.435  22.137 450.908
 35.536  22.050 451.125
 35.636  21.963 451.340
 35.736  21.877 451.553
 35.836  21.792 451.764
 35.936  21.707 451.973
 36.036  21.623 452.181
 36.136  21.540 452.387
 36.236  21.457 452.592
 36.336  21.375 452.795
 36.436  21.293 452.996
 36.537  21.212 453.195
 36.637  21.132 453.393
 36.737  21.052 453.589
 36.837  20.972 453.784
 36.937  20.894 453.977
 37.037  20.815 454.169
 37.137  20.738 454.359
 37.237  20.660 454.548
 37.337  20.584 454.735
 37.437  20.508 454.921
 37.538  20.432 455.105
 37.638  20.357 455.288
 37.738  20.282 455.470
 37.838  20.208 455.650
 37.938  20.135 455.829
 38.038  20.062 456.006
 38.138  19.989 456.182
 38.238  19.917 456.357
 38.338  19.846 456.530
 38.438  19.774 456.702
 38.539  19.704 456.873
 38.639  19.634 457.042
 38.739  19.564 457.210
 38.839  19.495 457.377
 38.939  19.426 457.543
 39.039  19.358 457.708
 39.139  19.290 457.871
 39.239  19.222 458.033
 39.339  19.155 458.194
 39.439  19.089 458.354
 39.540  19.023 458.512
 39.640  18.957 458.670
 39.740  18.892 458.826
 39.840  18.827 458.981
 39.940  18.763 459.135
 40.040  18.699 459.288
 40.140  18.635 459.440
 40.240  18.572 459.591
 40.340  18.509 459.740
 40.440  18.447 459.889
 40.541  18.385 460.037
 40.641  18.323 460.183
 40.741  18.262 460.329
 40.841  18.201 460.473
 40.941  18.141 460.617
 41.041  18.081 460.759
 41.141  18.021 460.901
 41.241  17.962 461.041
 41.341  17.903 461.181
 41.441  17.844 461.320
 41.542  17.786 461.457
 41.642  17.728 461.594
 41.742  17.670 461.730
 41.842  17.613 461.865
 41.942  17.556 461.999
 42.042  17.500 462.132
 42.142  17.444 462.264
 42.242  17.388 462.396
 42.342  17.333 462.526
 42.442  17.278 462.656
 42.543  17.223 462.784
 42.643  17.168 462.912
 42.743  17.114 463.039
 42.843  17.060 463.166
 42.943  17.007 463.291
 43.043  16.954 463.416
 43.143  16.901 463.539
 43.243  16.848 463.662
 43.343  16.796 463.784
 43.443  16.744 463.906
 43.544  16.693 464.026
 43.644  16.641 464.146
 43.744  16.590 464.265
 43.844  16.540 464.384
 43.944  16.489 464.501
 44.044  16.439 464.618
 44.144  16.389 464.734
 44.244  16.340 464.849
 44.344  16.290 464.964
 44.444  16.241 465.078
 44.545  16.193 465.191
 44.645  16.144 465.304
 44.745  16.096 465.415
 44.845  16.048 465.527
 44.945  16.001 465.637
 45.045  15.953 465.747
 45.145  15.906 465.856
 45.245  15.859 465.964
 45.345  15.813 466.072
 45.445  15.767 466.179
 45.546  15.721 466.285
 45.646  15.675 466.391
 45.746  15.629 466.496
 45.846  15.584 466.601
 45.946  15.539 466.705
 46.046  15.494 466.808
 46.146  15.450 466.911
 46.246  15.405 467.013
 46.346  15.361 467.114
 46.446  15.318 467.215
 46.547  15.274 467.315
 46.647  15.231 467.415
 46.747  15.188 467.514
 46.847  15.145 467.612
 46.947  15.102 467.710
 47.047  15.060 467.808
 47.147  15.018 467.904
 47.247  14.976 468.001
 47.347  14.934 468.096
 47.447  14.892 468.191
 47.548  14.851 468.286
 47.648  14.810 468.380
 47.748  14.769 468.474
 47.848  14.729 468.566
 47.948  14.688 468.659
 48.048  14.648 468.751
 48.148  14.608 468.842
 48.248  14.568 468.933
 48.348  14.529 469.023
 48.448  14.489 469.113
 48.549  14.450 469.203
 48.649  14.411 469.291
 48.749  14.373 469.380
 48.849  14.334 469.468
 48.949  14.296 469.555
 49.049  14.257 469.642
 49.149  14.219 469.728
 49.249  14.182 469.814
 49.349  14.144 469.900
 49.449  14.107 469.985
 49.550  14.070 470.069
 49.650  14.032 470.153
 49.750  13.996 470.237
 49.850  13.959 470.320
 49.950  13.923 470.403
 50.050  13.886 470.485
 50.150  13.850 470.567
 50.250  13.814 470.648
 50.350  13.779 470.729
 50.450  13.743 470.810
 50.551  13.708 470.890
 50.651  13.672 470.970
 50.751  13.637 471.049
 50.851  13.603 471.128
 50.951  13.568 471.206
 51.051  13.533 471.284
 51.151  13.499 471.362
 51.251  13.465 471.439
 51.351  13.431 471.516
 51.451  13.397 471.592
 51.552  13.363 471.668
 51.652  13.330 471.744
 51.752  13.296 471.819
 51.852  13.263 471.894
 51.952  13.230 471.968
 52.052  13.197 472.042
 52.152  13.165 472.116
 52.252  13.132 472.189
 52.352  13.100 472.262
 52.452  13.067 472.335
 52.553  13.035 472.407
 52.653  13.003 472.479
 52.753  12.971 472.550
 52.853  12.940 472.621
 52.953  12.908 472.692
 53.053  12.877 472.762
 53.153  12.846 472.832
 53.253  12.815 472.902
 53.353  12.784 472.972
 53.453  12.753 473.041
 53.554  12.722 473.109
 53.654  12.692 473.178
 53.754  12.661 473.245
 53.854  12.631 473.313
 53.954  12.601 473.380
 54.054  12.571 473.447
 54.154  12.541 473.514
 54.254  12.512 473.580
 54.354  12.482 473.646
 54.454  12.453 473.712
 54.555  12.424 473.778
 54.655  12.394 473.843
 54.755  12.365 473.907
 54.855  12.337 473.972
 54.955  12.308 474.036
 55.055  12.279 474.100
 55.155  12.251 474.163
 55.255  12.222 474.226
 55.355  12.194 474.289
 55.455  12.166 474.352
 55.556  12.138 474.414
 55.656  12.110 474.476
 55.756  12.083 474.538
 55.856  12.055 474.600
 55.956  12.028 474.661
 56.056  12.000 474.722
 56.156  11.973 474.782
 56.256  11.946 474.842
 56.356  11.919 474.903
 56.456  11.892 474.962
 56.557  11.865 475.022
 56.657  11.839 475.081
 56.757  11.812 475.140
 56.857  11.786 475.198
 56.957  11.759 475.257
 57.057  11.733 475.315
 57.157  11.707 475.373
 57.257  11.681 475.430
 57.357  11.655 475.488
 57.457  11.630 475.545
 57.558  11.604 475.602
 57.658  11.578 475.658
 57.758  11.553 475.714
 57.858  11.528 475.771
 57.958  11.502 475.826
 58.058  11.477 475.882
 58.158  11.452 475.937
 58.258  11.428 475.992
 58.358  11.403 476.047
 58.458  11.378 476.102
 58.559  11.354 476.156
 58.659  11.329 476.210
 58.759  11.305 476.264
 58.859  11.280 476.317
 58.959  11.256 476.371
 59.059  11.232 476.424
 59.159  11.208 476.477
 59.259  11.184 476.529
 59.359  11.161 476.582
 59.459  11.137 476.634
 59.560  11.113 476.686
 59.660  11.090 476.738
 59.760  11.067 476.789
 59.860  11.043 476.841
 59.960  11.020 476.892
 60.060  10.997 476.943
 60.160  10.974 476.993
 60.260  10.951 477.044
 60.360  10.928 477.094
 60.460  10.906 477.144
 60.561  10.883 477.194
 60.661  10.860 477.243
 60.761  10.838 477.293
 60.861  10.816 477.342
 60.961  10.793 477.391
 61.061  10.771 477.440
 61.161  10.749 477.488
 61.261  10.727 477.537
 61.361  10.705 477.585
 61.461  10.683 477.633
 61.562  10.662 477.680
 61.662  10.640 477.728
 61.762  10.618 477.775
 61.862  10.597 477.822
 61.962  10.576 477.869
 62.062  10.554 477.916
 62.162  10.533 477.963
 62.262  10.512 478.009
 62.362  10.491 478.055
 62.462  10.470 478.101
 62.563  10.449 478.147
 62.663  10.428 478.193
 62.763  10.407 478.238
 62.863  10.387 478.283
 62.963  10.366 478.328
 63.063  10.346 478.373
 63.163  10.325 478.418
 63.263  10.305 478.462
 63.363  10.285 478.507
 63.463  10.264 478.551
 63.564  10.244 478.595
 63.664  10.224 478.639
 63.764  10.204 478.682
 63.864  10.184 478.726
 63.964  10.165 478.769
 64.064  10.145 478.812
 64.164  10.125 478.855
 64.264  10.106 478.898
 64.364  10.086 478.941
 64.464  10.067 478.983
 64.565  10.047 479.025
 64.665  10.028 479.067
 64.765  10.009 479.109
 64.865   9.990 479.151
 64.965   9.971 479.193
 65.065   9.952 479.234
 65.165   9.933 479.276
 65.265   9.914 479.317
 65.365   9.895 479.358
 65.465   9.876 479.398
 65.566   9.858 479.439
 65.666   9.839 479.480
 65.766   9.821 479.520
 65.866   9.802 479.560
 65.966   9.784 479.600
 66.066   9.765 479.640
 66.166   9.747 479.680
 66.266   9.729 479.719
 66.366   9.711 479.759
 66.466   9.693 479.798
 66.567   9.675 479.837
 66.667   9.657 479.876
 66.767   9.639 479.915
 66.867   9.621 479.954
 66.967   9.604 479.992
 67.067   9.586 480.031
 67.167   9.568 480.069
 67.267   9.551 480.107
 67.367   9.533 480.145
 67.467   9.516 480.183
 67.568   9.499 480.220
 67.668   9.481 480.258
 67.768   9.464 480.295
 67.868   9.447 480.333
 67.968   9.430 480.370
 68.068   9.413 480.407
 68.168   9.396 480.444
 68.268   9.379 480.480
 68.368   9.362 480.517
 68.468   9.345 480.553
 68.569   9.328 480.590
 68.669   9.312 480.626
 68.769   9.295 480.662
 68.869   9.278 480.698
 68.969   9.262 480.734
 69.069   9.246 480.769
 69.169   9.229 480.805
 69.269   9.213 480.840
 69.369   9.196 480.876
 69.469   9.180 480.911
 69.570   9.164 480.946
 69.670   9.148 480.981
 69.770   9.132 481.015
 69.870   9.116 481.050
 69.970   9.100 481.085
 70.070   9.084 481.119
 70.170   9.068 481.153
 70.270   9.052 481.187
 70.370   9.037 481.221
 70.470   9.021 481.255
 70.571   9.005 481.289
 70.671   8.990 481.323
 70.771   8.974 481.356
 70.871   8.959 481.390
 70.971   8.943 481.423
 71.071   8.928 481.456
 71.171   8.913 481.489
 71.271   8.897 481.522
 71.371   8.882 481.555
 71.471   8.867 481.588
 71.572   8.852 481.621
 71.672   8.837 481.653
 71.772   8.822 481.685
 71.872   8.807 481.718
 71.972   8.792 481.750
 72.072   8.777 481.782
 72.172   8.762 481.814
 72.272   8.748 481.846
 72.372   8.733 481.878
 72.472   8.718 481.909
 72.573   8.704 481.941
 72.673   8.689 481.972
 72.773   8.674 482.003
 72.873   8.660 482.035
 72.973   8.645 482.066
 73.073   8.631 482.097
 73.173   8.617 482.128
 73.273   8.602 482.158
 73.373   8.588 482.189
 73.473   8.574 482.220
 73.574   8.560 482.250
 73.674   8.546 482.280
 73.774   8.532 482.311
 73.874   8.518 482.341
 73.974   8.504 482.371
 74.074   8.490 482.401
 74.174   8.476 482.431
 74.274   8.462 482.461
 74.374   8.448 482.490
 74.474   8.435 482.520
 74.575   8.421 482.549
 74.675   8.407 482.579
 74.775   8.394 482.608
 74.875   8.380 482.637
 74.975   8.366 482.666
 75.075   8.353 482.695
 75.175   8.340 482.724
 75.275   8.326 482.753
 75.375   8.313 482.782
 75.475   8.299 482.810
 75.576   8.286 482.839
 75.676   8.273 482.867
 75.776   8.260 482.895
 75.876   8.247 482.924
 75.976   8.233 482.952
 76.076   8.220 482.980
 76.176   8.207 483.008
 76.276   8.194 483.036
 76.376   8.181 483.063
 76.476   8.169 483.091
 76.577   8.156 483.119
 76.677   8.143 483.146
 76.777   8.130 483.174
 76.877   8.117 483.201
 76.977   8.105 483.228
 77.077   8.092 483.255
 77.177   8.079 483.283
 77.277   8.067 483.310
 77.377   8.054 483.336
 77.477   8.042 483.363
 77.578   8.029 483.390
 77.678   8.017 483.417
 77.778   8.004 483.443
 77.878   7.992 483.470
 77.978   7.980 483.496
 78.078   7.967 483.522
 78.178   7.955 483.549
 78.278   7.943 483.575
 78.378   7.931 483.601
 78.478   7.918 483.627
 78.579   7.906 483.653
 78.679   7.894 483.679
 78.779   7.882 483.704
 78.879   7.870 483.730
 78.979   7.858 483.756
 79.079   7.846 483.781
 79.179   7.834 483.807
 79.279   7.823 483.832
 79.379   7.811 483.857
 79.479   7.799 483.883
 79.580   7.787 483.908
 79.680   7.775 483.933
 79.780   7.764 483.958
 79.880   7.752 483.983
 79.980   7.741 484.007
 80.080   7.729 484.032
 80.180   7.717 484.057
 80.280   7.706 484.081
 80.380   7.694 484.106
 80.480   7.683 484.130
 80.581   7.672 484.155
 80.681   7.660 484.179
 80.781   7.649 484.203
 80.881   7.638 484.227
 80.981   7.626 484.252
 81.081   7.615 484.276
 81.181   7.604 484.299
 81.281   7.593 484.323
 81.381   7.581 484.347
 81.481   7.570 484.371
 81.582   7.559 484.394
 81.682   7.548 484.418
 81.782   7.537 484.442
 81.882   7.526 484.465
 81.982   7.515 484.488
 82.082   7.504 484.512
 82.182   7.493 484.535
 82.282   7.482 484.558
 82.382   7.472 484.581
 82.482   7.461 484.604
 82.583   7.450 484.627
 82.683   7.439 484.650
 82.783   7.429 484.673
 82.883   7.418 484.696
 82.983   7.407 484.718
 83.083   7.397 484.741
 83.183   7.386 484.764
 83.283   7.376 484.786
 83.383   7.365 484.809
 83.483   7.354 484.831
 83.584   7.344 484.853
 83.684   7.334 484.875
 83.784   7.323 484.898
 83.884   7.313 484.920
 83.984   7.302 484.942
 84.084   7.292 484.964
 84.184   7.282 484.986
 84.284   7.271 485.007
 84.384   7.261 485.029
 84.484   7.251 485.051
 84.585   7.241 485.073
 84.685   7.231 485.094
 84.785   7.221 485.116
 84.885   7.210 485.137
 84.985   7.200 485.159
 85.085   7.190 485.180
 85.185   7.180 485.201
 85.285   7.170 485.223
 85.385   7.160 485.244
 85.485   7.150 485.265
 85.586   7.140 485.286
 85.686   7.131 485.307
 85.786   7.121 485.328
 85.886   7.111 485.349
 85.986   7.101 485.370
 86.086   7.091 485.390
 86.186   7.082 485.411
 86.286   7.072 485.432
 86.386   7.062 485.452
 86.486   7.052 485.473
 86.587   7.043 485.493
 86.687   7.033 485.514
 86.787   7.024 485.534
 86.887   7.014 485.555
 86.987   7.005 485.575
 87.087   6.995 485.595
 87.187   6.985 485.615
 87.287   6.976 485.635
 87.387   6.967 485.655
 87.487   6.957 485.675
 87.588   6.948 485.695
 87.688   6.938 485.715
 87.788   6.929 485.735
 87.888   6.920 485.755
 87.988   6.910 485.774
 88.088   6.901 485.794
 88.188   6.892 485.814
 88.288   6.883 485.833
 88.388   6.874 485.853
 88.488   6.864 485.872
 88.589   6.855 485.891
 88.689   6.846 485.911
 88.789   6.837 485.930
 88.889   6.828 485.949
 88.989   6.819 485.969
 89.089   6.810 485.988
 89.189   6.801 486.007
 89.289   6.792 486.026
 89.389   6.783 486.045
 89.489   6.774 486.064
 89.590   6.765 486.083
 89.690   6.756 486.101
 89.790   6.747 486.120
 89.890   6.738 486.139
 89.990   6.730 486.158
 90.090   6.721 486.176
 90.190   6.712 486.195
 90.290   6.703 486.213
 90.390   6.695 486.232
 90.490   6.686 486.250
 90.591   6.677 486.269
 90.691   6.669 486.287
 90.791   6.660 486.305
 90.891   6.651 486.323
 90.991   6.643 486.342
 91.091   6.634 486.360
 91.191   6.626 486.378
 91.291   6.617 486.396
 91.391   6.608 486.414
 91.491   6.600 486.432
 91.592   6.592 486.450
 91.692   6.583 486.468
 91.792   6.575 486.485
 91.892   6.566 486.503
 91.992   6.558 486.521
 92.092   6.550 486.539
 92.192   6.541 486.556
 92.292   6.533 486.574
 92.392   6.525 486.591
 92.492   6.516 486.609
 92.593   6.508 486.626
 92.693   6.500 486.644
 92.793   6.492 486.661
 92.893   6.483 486.678
 92.993   6.475 486.696
 93.093   6.467 486.713
 93.193   6.459 486.730
 93.293   6.451 486.747
 93.393   6.443 486.764
 93.493   6.435 486.781
 93.594   6.427 486.798
 93.694   6.419 486.815
 93.794   6.411 486.832
 93.894   6.403 486.849
 93.994   6.395 486.866
 94.094   6.387 486.883
 94.194   6.379 486.899
 94.294   6.371 486.916
 94.394   6.363 486.933
 94.494   6.355 486.949
 94.595   6.347 486.966
 94.695   6.339 486.983
 94.795   6.331 486.999
 94.895   6.324 487.015
 94.995   6.316 487.032
 95.095   6.308 487.048
 95.195   6.300 487.065
 95.295   6.293 487.081
 95.395   6.285 487.097
 95.495   6.277 487.113
 95.596   6.270 487.130
 95.696   6.262 487.146
 95.796   6.254 487.162
 95.896   6.247 487.178
 95.996   6.239 487.194
 96.096   6.231 487.210
 96.196   6.224 487.226
 96.296   6.216 487.242
 96.396   6.209 487.258
 96.496   6.201 487.273
 96.597   6.194 487.289
 96.697   6.186 487.305
 96.797   6.179 487.321
 96.897   6.172 487.336
 96.997   6.164 487.352
 97.097   6.157 487.367
 97.197   6.149 487.383
 97.297   6.142 487.399
 97.397   6.135 487.414
 97.497   6.127 487.429
 97.598   6.120 487.445
 97.698   6.113 487.460
 97.798   6.105 487.476
 97.898   6.098 487.491
 97.998   6.091 487.506
 98.098   6.084 487.521
 98.198   6.076 487.536
 98.298   6.069 487.552
 98.398   6.062 487.567
 98.498   6.055 487.582
 98.599   6.048 487.597
 98.699   6.041 487.612
 98.799   6.034 487.627
 98.899   6.026 487.642
 98.999   6.019 487.657
 99.099   6.012 487.671
 99.199   6.005 487.686
 99.299   5.998 487.701
 99.399   5.991 487.716
 99.499   5.984 487.731
 99.600   5.977 487.745
 99.700   5.970 487.760
 99.800   5.963 487.774
 99.900   5.956 487.789
100.000   5.949 487.804
