# ALPHA_1 0.002
# ALPHA_2 0.001
# BETTA_1 0.004
# BETTA_2 0.001
# GAMMA_1 0.500
# GAMMA_2 0.500
# Y0 150.000
# Z0 67.000
# X_BEG 0.000
# X_END 100.000
# XDOTS_NUM 1000
# DX 0.100
  0.000 150.000  67.000
  0.100 147.579  67.912
  0.200 145.320  68.861
  0.300 143.206  69.848
  0.400 141.225  70.871
  0.501 139.364  71.929
  0.601 137.612  73.021
  0.701 135.959  74.147
  0.801 134.397  75.306
  0.901 132.919  76.497
  1.001 131.517  77.721
  1.101 130.184  78.975
  1.201 128.916  80.261
  1.301 127.707  81.577
  1.401 126.552  82.923
  1.502 125.447  84.299
  1.602 124.389  85.704
  1.702 123.373  87.138
  1.802 122.396  88.602
  1.902 121.456  90.094
  2.002 120.549  91.614
  2.102 119.674  93.162
  2.202 118.827  94.737
  2.302 118.007  96.341
  2.402 117.211  97.971
  2.503 116.438  99.628
  2.603 115.687 101.311
  2.703 114.954 103.021
  2.803 114.240 104.757
  2.903 113.542 106.519
  3.003 112.860 108.305
  3.103 112.192 110.117
  3.203 111.537 111.954
  3.303 110.894 113.815
  3.403 110.263 115.700
  3.504 109.641 117.608
  3.604 109.029 119.540
  3.704 108.426 121.495
  3.804 107.831 123.472
  3.904 107.243 125.471
  4.004 106.662 127.492
  4.104 106.087 129.534
  4.204 105.517 131.597
  4.304 104.953 133.680
  4.404 104.393 135.782
  4.505 103.838 137.905
  4.605 103.286 140.046
  4.705 102.738 142.205
  4.805 102.193 144.382
  4.905 101.650 146.576
  5.005 101.110 148.787
  5.105 100.573 151.014
  5.205 100.037 153.257
  5.305  99.503 155.514
  5.405  98.971 157.786
  5.506  98.440 160.071
  5.606  97.910 162.370
  5.706  97.381 164.681
  5.806  96.853 167.004
  5.906  96.326 169.338
  6.006  95.799 171.682
  6.106  95.273 174.036
  6.206  94.748 176.400
  6.306  94.222 178.772
  6.406  93.698 181.152
  6.507  93.173 183.539
  6.607  92.649 185.933
  6.707  92.125 188.332
  6.807  91.601 190.737
  6.907  91.077 193.146
  7.007  90.553 195.559
  7.107  90.029 197.974
  7.207  89.506 200.392
  7.307  88.983 202.812
  7.407  88.459 205.233
  7.508  87.937 207.654
  7.608  87.414 210.075
  7.708  86.891 212.495
  7.808  86.369 214.913
  7.908  85.847 217.328
  8.008  85.326 219.741
  8.108  84.804 222.150
  8.208  84.284 224.555
  8.308  83.763 226.955
  8.408  83.244 229.349
  8.509  82.725 231.737
  8.609  82.206 234.119
  8.709  81.689 236.493
  8.809  81.172 238.859
  8.909  80.656 241.217
  9.009  80.141 243.566
  9.109  79.627 245.905
  9.209  79.114 248.235
  9.309  78.603 250.554
  9.409  78.092 252.861
  9.510  77.583 255.158
  9.610  77.075 257.442
  9.710  76.568 259.714
  9.810  76.063 261.973
  9.910  75.560 264.219
 10.010  75.058 266.452
 10.110  74.558 268.670
 10.210  74.060 270.874
 10.310  73.563 273.063
 10.410  73.068 275.236
 10.511  72.575 277.395
 10.611  72.085 279.538
 10.711  71.596 281.665
 10.811  71.109 283.775
 10.911  70.625 285.869
 11.011  70.143 287.946
 11.111  69.663 290.006
 11.211  69.185 292.049
 11.311  68.710 294.074
 11.411  68.237 296.082
 11.512  67.767 298.072
 11.612  67.299 300.044
 11.712  66.834 301.998
 11.812  66.372 303.934
 11.912  65.912 305.851
 12.012  65.454 307.750
 12.112  65.000 309.630
 12.212  64.548 311.492
 12.312  64.100 313.335
 12.412  63.654 315.160
 12.513  63.210 316.965
 12.613  62.770 318.752
 12.713  62.333 320.520
 12.813  61.898 322.269
 12.913  61.467 324.000
 13.013  61.039 325.712
 13.113  60.613 327.404
 13.213  60.191 329.079
 13.313  59.772 330.734
 13.413  59.356 332.371
 13.514  58.942 333.989
 13.614  58.532 335.589
 13.714  58.125 337.170
 13.814  57.722 338.733
 13.914  57.321 340.278
 14.014  56.923 341.804
 14.114  56.529 343.312
 14.214  56.138 344.803
 14.314  55.749 346.275
 14.414  55.364 347.730
 14.515  54.983 349.167
 14.615  54.604 350.587
 14.715  54.228 351.989
 14.815  53.856 353.374
 14.915  53.486 354.742
 15.015  53.120 356.093
 15.115  52.757 357.428
 15.215  52.397 358.745
 15.315  52.040 360.046
 15.415  51.687 361.331
 15.516  51.336 362.600
 15.616  50.988 363.852
 15.716  50.644 365.089
 15.816  50.302 366.310
 15.916  49.964 367.515
 16.016  49.628 368.705
 16.116  49.296 369.880
 16.216  48.967 371.040
 16.316  48.640 372.185
 16.416  48.317 373.315
 16.517  47.996 374.431
 16.617  47.678 375.532
 16.717  47.364 376.620
 16.817  47.052 377.693
 16.917  46.743 378.752
 17.017  46.437 379.798
 17.117  46.134 380.830
 17.217  45.833 381.849
 17.317  45.535 382.855
 17.417  45.241 383.848
 17.518  44.948 384.828
 17.618  44.659 385.795
 17.718  44.372 386.750
 17.818  44.088 387.693
 17.918  43.807 388.623
 18.018  43.528 389.541
 18.118  43.252 390.448
 18.218  42.979 391.343
 18.318  42.708 392.226
 18.418  42.440 393.099
 18.519  42.174 393.960
 18.619  41.911 394.810
 18.719  41.650 395.649
 18.819  41.392 396.477
 18.919  41.136 397.295
 19.019  40.882 398.102
 19.119  40.631 398.900
 19.219  40.383 399.687
 19.319  40.136 400.464
 19.419  39.892 401.231
 19.520  39.651 401.989
 19.620  39.411 402.737
 19.720  39.174 403.476
 19.820  38.940 404.205
 19.920  38.707 404.925
 20.020  38.477 405.637
 20.120  38.248 406.339
 20.220  38.022 407.033
 20.320  37.798 407.718
 20.420  37.576 408.395
 20.521  37.357 409.064
 20.621  37.139 409.724
 20.721  36.923 410.376
 20.821  36.710 411.020
 20.921  36.498 411.656
 21.021  36.288 412.285
 21.121  36.081 412.906
 21.221  35.875 413.519
 21.321  35.671 414.125
 21.421  35.469 414.724
 21.522  35.269 415.316
 21.622  35.071 415.900
 21.722  34.875 416.478
 21.822  34.680 417.049
 21.922  34.488 417.613
 22.022  34.297 418.170
 22.122  34.108 418.721
 22.222  33.920 419.265
 22.322  33.734 419.803
 22.422  33.550 420.335
 22.523  33.368 420.861
 22.623  33.187 421.380
 22.723  33.008 421.894
 22.823  32.831 422.401
 22.923  32.655 422.903
 23.023  32.481 423.399
 23.123  32.309 423.890
 23.223  32.137 424.375
 23.323  31.968 424.854
 23.423  31.800 425.328
 23.524  31.634 425.797
 23.624  31.469 426.260
 23.724  31.305 426.719
 23.824  31.143 427.172
 23.924  30.982 427.620
 24.024  30.823 428.064
 24.124  30.666 428.502
 24.224  30.509 428.936
 24.324  30.354 429.365
 24.424  30.201 429.789
 24.525  30.048 430.209
 24.625  29.897 430.624
 24.725  29.748 431.035
 24.825  29.599 431.441
 24.925  29.452 431.843
 25.025  29.307 432.241
 25.125  29.162 432.635
 25.225  29.019 433.024
 25.325  28.877 433.410
 25.425  28.736 433.791
 25.526  28.597 434.168
 25.626  28.458 434.542
 25.726  28.321 434.911
 25.826  28.185 435.277
 25.926  28.050 435.639
 26.026  27.916 435.998
 26.126  27.784 436.353
 26.226  27.652 436.704
 26.326  27.522 437.051
 26.426  27.392 437.395
 26.527  27.264 437.736
 26.627  27.137 438.073
 26.727  27.011 438.407
 26.827  26.886 438.738
 26.927  26.762 439.065
 27.027  26.639 439.389
 27.127  26.517 439.710
 27.227  26.396 440.028
 27.327  26.276 440.343
 27.427  26.157 440.655
 27.528  26.039 440.963
 27.628  25.921 441.269
 27.728  25.805 441.572
 27.828  25.690 441.872
 27.928  25.576 442.169
 28.028  25.462 442.463
 28.128  25.350 442.754
 28.228  25.238 443.043
 28.328  25.128 443.329
 28.428  25.018 443.613
 28.529  24.909 443.893
 28.629  24.801 444.172
 28.729  24.693 444.447
 28.829  24.587 444.720
 28.929  24.481 444.991
 29.029  24.377 445.259
 29.129  24.273 445.525
 29.229  24.170 445.788
 29.329  24.067 446.049
 29.429  23.966 446.307
 29.530  23.865 446.564
 29.630  23.765 446.818
 29.730  23.666 447.069
 29.830  23.567 447.319
 29.930  23.469 447.566
 30.030  23.372 447.811
 30.130  23.276 448.054
 30.230  23.181 448.295
 30.330  23.086 448.534
 30.430  22.992 448.770
 30.531  22.898 449.005
 30.631  22.806 449.238
 30.731  22.714 449.468
 30.831  22.622 449.697
 30.931  22.532 449.924
 31.031  22.442 450.149
 31.131  22.352 450.372
 31.231  22.264 450.593
 31.331  22.175 450.812
 31.431  22.088 451.029
 31.532  22.001 451.245
 31.632  21.915 451.458
 31.732  21.830 451.671
 31.832  21.745 451.881
 31.932  21.661 452.089
 32.032  21.577 452.296
 32.132  21.494 452.501
 32.232  21.411 452.705
 32.332  21.329 452.907
 32.432  21.248 453.107
 32.533  21.167 453.306
 32.633  21.087 453.503
 32.733  21.008 453.698
 32.833  20.928 453.892
 32.933  20.850 454.084
 33.033  20.772 454.275
 33.133  20.695 454.465
 33.233  20.618 454.652
 33.333  20.541 454.839
 33.433  20.466 455.024
 33.534  20.390 455.207
 33.634  20.315 455.390
 33.734  20.241 455.570
 33.834  20.167 455.750
 33.934  20.094 455.928
 34.034  20.021 456.104
 34.134  19.949 456.279
 34.234  19.877 456.453
 34.334  19.806 456.626
 34.434  19.735 456.797
 34.535  19.665 456.967
 34.635  19.595 457.136
 34.735  19.525 457.304
 34.835  19.456 457.470
 34.935  19.388 457.635
 35.035  19.320 457.799
 35.135  19.252 457.961
 35.235  19.185 458.123
 35.335  19.118 458.283
 35.435  19.052 458.442
 35.536  18.986 458.600
 35.636  18.921 458.757
 35.736  18.856 458.912
 35.836  18.791 459.067
 35.936  18.727 459.220
 36.036  18.663 459.373
 36.136  18.600 459.524
 36.236  18.537 459.674
 36.336  18.474 459.823
 36.436  18.412 459.971
 36.537  18.350 460.118
 36.637  18.289 460.264
 36.737  18.228 460.409
 36.837  18.167 460.553
 36.937  18.107 460.696
 37.037  18.047 460.838
 37.137  17.988 460.979
 37.237  17.929 461.119
 37.337  17.870 461.258
 37.437  17.812 461.396
 37.538  17.754 461.534
 37.638  17.696 461.670
 37.738  17.639 461.805
 37.838  17.582 461.940
 37.938  17.525 462.073
 38.038  17.469 462.206
 38.138  17.413 462.337
 38.238  17.357 462.468
 38.338  17.302 462.598
 38.438  17.247 462.727
 38.539  17.192 462.856
 38.639  17.138 462.983
 38.739  17.084 463.110
 38.839  17.031 463.235
 38.939  16.977 463.360
 39.039  16.924 463.485
 39.139  16.872 463.608
 39.239  16.819 463.730
 39.339  16.767 463.852
 39.439  16.716 463.973
 39.540  16.664 464.093
 39.640  16.613 464.213
 39.740  16.562 464.331
 39.840  16.512 464.449
 39.940  16.461 464.566
 40.040  16.411 464.683
 40.140  16.362 464.798
 40.240  16.312 464.913
 40.340  16.263 465.028
 40.440  16.214 465.141
 40.541  16.166 465.254
 40.641  16.118 465.366
 40.741  16.070 465.477
 40.841  16.022 465.588
 40.941  15.974 465.698
 41.041  15.927 465.807
 41.141  15.880 465.916
 41.241  15.834 466.024
 41.341  15.787 466.132
 41.441  15.741 466.238
 41.542  15.695 466.344
 41.642  15.649 466.450
 41.742  15.604 466.555
 41.842  15.559 466.659
 41.942  15.514 466.762
 42.042  15.469 466.865
 42.142  15.425 466.968
 42.242  15.381 467.069
 42.342  15.337 467.170
 42.442  15.293 467.271
 42.543  15.250 467.371
 42.643  15.207 467.470
 42.743  15.164 467.569
 42.843  15.121 467.667
 42.943  15.079 467.765
 43.043  15.036 467.862
 43.143  14.994 467.958
 43.243  14.952 468.054
 43.343  14.911 468.149
 43.443  14.869 468.244
 43.544  14.828 468.338
 43.644  14.787 468.432
 43.744  14.747 468.525
 43.844  14.706 468.618
 43.944  14.666 468.710
 44.044  14.626 468.802
 44.144  14.586 468.893
 44.244  14.546 468.983
 44.344  14.507 469.073
 44.444  14.468 469.163
 44.545  14.429 469.252
 44.645  14.390 469.341
 44.745  14.351 469.429
 44.845  14.313 469.516
 44.945  14.274 469.603
 45.045  14.236 469.690
 45.145  14.198 469.776
 45.245  14.161 469.862
 45.345  14.123 469.947
 45.445  14.086 470.032
 45.546  14.049 470.116
 45.646  14.012 470.200
 45.746  13.975 470.283
 45.846  13.939 470.366
 45.946  13.902 470.449
 46.046  13.866 470.531
 46.146  13.830 470.612
 46.246  13.794 470.693
 46.346  13.759 470.774
 46.446  13.723 470.854
 46.547  13.688 470.934
 46.647  13.653 471.014
 46.747  13.618 471.093
 46.847  13.583 471.171
 46.947  13.549 471.250
 47.047  13.514 471.327
 47.147  13.480 471.405
 47.247  13.446 471.482
 47.347  13.412 471.558
 47.447  13.378 471.634
 47.548  13.345 471.710
 47.648  13.311 471.786
 47.748  13.278 471.861
 47.848  13.245 471.935
 47.948  13.212 472.009
 48.048  13.179 472.083
 48.148  13.146 472.157
 48.248  13.114 472.230
 48.348  13.082 472.303
 48.448  13.049 472.375
 48.549  13.017 472.447
 48.649  12.985 472.519
 48.749  12.954 472.590
 48.849  12.922 472.661
 48.949  12.891 472.731
 49.049  12.860 472.801
 49.149  12.828 472.871
 49.249  12.797 472.941
 49.349  12.767 473.010
 49.449  12.736 473.079
 49.550  12.705 473.147
 49.650  12.675 473.215
 49.750  12.645 473.283
 49.850  12.614 473.351
 49.950  12.584 473.418
 50.050  12.555 473.485
 50.150  12.525 473.551
 50.250  12.495 473.617
 50.350  12.466 473.683
 50.450  12.437 473.749
 50.551  12.407 473.814
 50.651  12.378 473.879
 50.751  12.349 473.943
 50.851  12.321 474.008
 50.951  12.292 474.071
 51.051  12.263 474.135
 51.151  12.235 474.198
 51.251  12.207 474.262
 51.351  12.179 474.324
 51.451  12.151 474.387
 51.552  12.123 474.449
 51.652  12.095 474.511
 51.752  12.067 474.572
 51.852  12.040 474.634
 51.952  12.012 474.695
 52.052  11.985 474.755
 52.152  11.958 474.816
 52.252  11.931 474.876
 52.352  11.904 474.936
 52.452  11.877 474.995
 52.553  11.850 475.055
 52.653  11.824 475.114
 52.753  11.797 475.173
 52.853  11.771 475.231
 52.953  11.745 475.289
 53.053  11.719 475.347
 53.153  11.693 475.405
 53.253  11.667 475.462
 53.353  11.641 475.520
 53.453  11.615 475.576
 53.554  11.590 475.633
 53.654  11.564 475.690
 53.754  11.539 475.746
 53.854  11.514 475.802
 53.954  11.488 475.857
 54.054  11.463 475.913
 54.154  11.439 475.968
 54.254  11.414 476.023
 54.354  11.389 476.077
 54.454  11.364 476.132
 54.555  11.340 476.186
 54.655  11.315 476.240
 54.755  11.291 476.294
 54.855  11.267 476.347
 54.955  11.243 476.400
 55.055  11.219 476.453
 55.155  11.195 476.506
 55.255  11.171 476.559
 55.355  11.147 476.611
 55.455  11.124 476.663
 55.556  11.100 476.715
 55.656  11.077 476.767
 55.756  11.054 476.818
 55.856  11.030 476.869
 55.956  11.007 476.920
 56.056  10.984 476.971
 56.156  10.961 477.021
 56.256  10.938 477.072
 56.356  10.916 477.122
 56.456  10.893 477.172
 56.557  10.870 477.221
 56.657  10.848 477.271
 56.757  10.826 477.320
 56.857  10.803 477.369
 56.957  10.781 477.418
 57.057  10.759 477.467
 57.157  10.737 477.515
 57.257  10.715 477.563
 57.357  10.693 477.611
 57.457  10.671 477.659
 57.558  10.650 477.707
 57.658  10.628 477.754
 57.758  10.606 477.801
 57.858  10.585 477.849
 57.958  10.564 477.895
 58.058  10.542 477.942
 58.158  10.521 477.988
 58.258  10.500 478.035
 58.358  10.479 478.081
 58.458  10.458 478.127
 58.559  10.437 478.172
 58.659  10.417 478.218
 58.759  10.396 478.263
 58.859  10.375 478.308
 58.959  10.355 478.353
 59.059  10.334 478.398
 59.159  10.314 478.443
 59.259  10.294 478.487
 59.359  10.273 478.531
 59.459  10.253 478.576
 59.560  10.233 478.619
 59.660  10.213 478.663
 59.760  10.193 478.707
 59.860  10.173 478.750
 59.960  10.154 478.793
 60.060  10.134 478.836
 60.160  10.114 478.879
 60.260  10.095 478.922
 60.360  10.075 478.964
 60.460  10.056 479.007
 60.561  10.037 479.049
 60.661  10.017 479.091
 60.761   9.998 479.133
 60.861   9.979 479.174
 60.961   9.960 479.216
 61.061   9.941 479.257
 61.161   9.922 479.298
 61.261   9.903 479.340
 61.361   9.885 479.380
 61.461   9.866 479.421
 61.562   9.847 479.462
 61.662   9.829 479.502
 61.762   9.810 479.542
 61.862   9.792 479.582
 61.962   9.774 479.622
 62.062   9.755 479.662
 62.162   9.737 479.702
 62.262   9.719 479.741
 62.362   9.701 479.781
 62.462   9.683 479.820
 62.563   9.665 479.859
 62.663   9.647 479.898
 62.763   9.629 479.937
 62.863   9.611 479.975
 62.963   9.594 480.014
 63.063   9.576 480.052
 63.163   9.559 480.090
 63.263   9.541 480.128
 63.363   9.524 480.166
 63.463   9.506 480.204
 63.564   9.489 480.241
 63.664   9.472 480.279
 63.764   9.454 480.316
 63.864   9.437 480.353
 63.964   9.420 480.390
 64.064   9.403 480.427
 64.164   9.386 480.464
 64.264   9.369 480.501
 64.364   9.353 480.537
 64.464   9.336 480.574
 64.565   9.319 480.610
 64.665   9.302 480.646
 64.765   9.286 480.682
 64.865   9.269 480.718
 64.965   9.253 480.754
 65.065   9.236 480.789
 65.165   9.220 480.825
 65.265   9.204 480.860
 65.365   9.187 480.895
 65.465   9.171 480.930
 65.566   9.155 480.965
 65.666   9.139 481.000
 65.766   9.123 481.035
 65.866   9.107 481.069
 65.966   9.091 481.104
 66.066   9.075 481.138
 66.166   9.059 481.172
 66.266   9.044 481.206
 66.366   9.028 481.240
 66.466   9.012 481.274
 66.567   8.997 481.308
 66.667   8.981 481.341
 66.767   8.966 481.375
 66.867   8.950 481.408
 66.967   8.935 481.442
 67.067   8.919 481.475
 67.167   8.904 481.508
 67.267   8.889 481.541
 67.367   8.874 481.573
 67.467   8.859 481.606
 67.568   8.844 481.639
 67.668   8.828 481.671
 67.768   8.813 481.703
 67.868   8.799 481.736
 67.968   8.784 481.768
 68.068   8.769 481.800
 68.168   8.754 481.832
 68.268   8.739 481.864
 68.368   8.725 481.895
 68.468   8.710 481.927
 68.569   8.695 481.958
 68.669   8.681 481.990
 68.769   8.666 482.021
 68.869   8.652 482.052
 68.969   8.637 482.083
 69.069   8.623 482.114
 69.169   8.609 482.145
 69.269   8.595 482.175
 69.369   8.580 482.206
 69.469   8.566 482.237
 69.570   8.552 482.267
 69.670   8.538 482.297
 69.770   8.524 482.328
 69.870   8.510 482.358
 69.970   8.496 482.388
 70.070   8.482 482.418
 70.170   8.468 482.447
 70.270   8.454 482.477
 70.370   8.441 482.507
 70.470   8.427 482.536
 70.571   8.413 482.566
 70.671   8.400 482.595
 70.771   8.386 482.624
 70.871   8.372 482.653
 70.971   8.359 482.682
 71.071   8.345 482.711
 71.171   8.332 482.740
 71.271   8.319 482.769
 71.371   8.305 482.797
 71.471   8.292 482.826
 71.572   8.279 482.854
 71.672   8.266 482.883
 71.772   8.252 482.911
 71.872   8.239 482.939
 71.972   8.226 482.967
 72.072   8.213 482.995
 72.172   8.200 483.023
 72.272   8.187 483.051
 72.372   8.174 483.079
 72.472   8.161 483.107
 72.573   8.148 483.134
 72.673   8.136 483.162
 72.773   8.123 483.189
 72.873   8.110 483.216
 72.973   8.097 483.243
 73.073   8.085 483.271
 73.173   8.072 483.298
 73.273   8.060 483.325
 73.373   8.047 483.351
 73.473   8.035 483.378
 73.574   8.022 483.405
 73.674   8.010 483.432
 73.774   7.997 483.458
 73.874   7.985 483.484
 73.974   7.973 483.511
 74.074   7.960 483.537
 74.174   7.948 483.563
 74.274   7.936 483.589
 74.374   7.924 483.615
 74.474   7.912 483.641
 74.575   7.900 483.667
 74.675   7.888 483.693
 74.775   7.876 483.719
 74.875   7.864 483.744
 74.975   7.852 483.770
 75.075   7.840 483.795
 75.175   7.828 483.821
 75.275   7.816 483.846
 75.375   7.804 483.871
 75.475   7.792 483.897
 75.576   7.781 483.922
 75.676   7.769 483.947
 75.776   7.757 483.972
 75.876   7.746 483.996
 75.976   7.734 484.021
 76.076   7.723 484.046
 76.176   7.711 484.071
 76.276   7.699 484.095
 76.376   7.688 484.120
 76.476   7.677 484.144
 76.577   7.665 484.168
 76.677   7.654 484.193
 76.777   7.643 484.217
 76.877   7.631 484.241
 76.977   7.620 484.265
 77.077   7.609 484.289
 77.177   7.598 484.313
 77.277   7.586 484.337
 77.377   7.575 484.360
 77.477   7.564 484.384
 77.578   7.553 484.408
 77.678   7.542 484.431
 77.778   7.531 484.455
 77.878   7.520 484.478
 77.978   7.509 484.501
 78.078   7.498 484.525
 78.178   7.487 484.548
 78.278   7.476 484.571
 78.378   7.466 484.594
 78.478   7.455 484.617
 78.579   7.444 484.640
 78.679   7.433 484.663
 78.779   7.423 484.686
 78.879   7.412 484.708
 78.979   7.401 484.731
 79.079   7.391 484.754
 79.179   7.380 484.776
 79.279   7.370 484.799
 79.379   7.359 484.821
 79.479   7.349 484.843
 79.580   7.338 484.866
 79.680   7.328 484.888
 79.780   7.317 484.910
 79.880   7.307 484.932
 79.980   7.297 484.954
 80.080   7.286 484.976
 80.180   7.276 484.998
 80.280   7.266 485.020
 80.380   7.256 485.041
 80.480   7.245 485.063
 80.581   7.235 485.085
 80.681   7.225 485.106
 80.781   7.215 485.128
 80.881   7.205 485.149
 80.981   7.195 485.171
 81.081   7.185 485.192
 81.181   7.175 485.213
 81.281   7.165 485.234
 81.381   7.155 485.256
 81.481   7.145 485.277
 81.582   7.135 485.298
 81.682   7.125 485.319
 81.782   7.115 485.340
 81.882   7.105 485.360
 81.982   7.096 485.381
 82.082   7.086 485.402
 82.182   7.076 485.423
 82.282   7.066 485.443
 82.382   7.057 485.464
 82.482   7.047 485.484
 82.583   7.037 485.505
 82.683   7.028 485.525
 82.783   7.018 485.546
 82.883   7.009 485.566
 82.983   6.999 485.586
 83.083   6.990 485.606
 83.183   6.980 485.626
 83.283   6.971 485.646
 83.383   6.961 485.666
 83.483   6.952 485.686
 83.584   6.943 485.706
 83.684   6.933 485.726
 83.784   6.924 485.746
 83.884   6.915 485.766
 83.984   6.905 485.785
 84.084   6.896 485.805
 84.184   6.887 485.824
 84.284   6.878 485.844
 84.384   6.868 485.863
 84.484   6.859 485.883
 84.585   6.850 485.902
 84.685   6.841 485.922
 84.785   6.832 485.941
 84.885   6.823 485.960
 84.985   6.814 485.979
 85.085   6.805 485.998
 85.185   6.796 486.017
 85.285   6.787 486.036
 85.385   6.778 486.055
 85.485   6.769 486.074
 85.586   6.760 486.093
 85.686   6.751 486.112
 85.786   6.742 486.131
 85.886   6.734 486.149
 85.986   6.725 486.168
 86.086   6.716 486.186
 86.186   6.707 486.205
 86.286   6.698 486.224
 86.386   6.690 486.242
 86.486   6.681 486.260
 86.587   6.672 486.279
 86.687   6.664 486.297
 86.787   6.655 486.315
 86.887   6.646 486.334
 86.987   6.638 486.352
 87.087   6.629 486.370
 87.187   6.621 486.388
 87.287   6.612 486.406
 87.387   6.604 486.424
 87.487   6.595 486.442
 87.588   6.587 486.460
 87.688   6.578 486.477
 87.788   6.570 486.495
 87.888   6.562 486.513
 87.988   6.553 486.531
 88.088   6.545 486.548
 88.188   6.537 486.566
 88.288   6.528 486.584
 88.388   6.520 486.601
 88.488   6.512 486.618
 88.589   6.503 486.636
 88.689   6.495 486.653
 88.789   6.487 486.671
 88.889   6.479 486.688
 88.989   6.471 486.705
 89.089   6.463 486.722
 89.189   6.454 486.740
 89.289   6.446 486.757
 89.389   6.438 486.774
 89.489   6.430 486.791
 89.590   6.422 486.808
 89.690   6.414 486.825
 89.790   6.406 486.842
 89.890   6.398 486.858
 89.990   6.390 486.875
 90.090   6.382 486.892
 90.190   6.374 486.909
 90.290   6.366 486.925
 90.390   6.358 486.942
 90.490   6.351 486.959
 90.591   6.343 486.975
 90.691   6.335 486.992
 90.791   6.327 487.008
 90.891   6.319 487.025
 90.991   6.312 487.041
 91.091   6.304 487.057
 91.191   6.296 487.074
 91.291   6.288 487.090
 91.391   6.281 487.106
 91.491   6.273 487.122
 91.592   6.265 487.139
 91.692   6.258 487.155
 91.792   6.250 487.171
 91.892   6.242 487.187
 91.992   6.235 487.203
 92.092   6.227 487.219
 92.192   6.220 487.235
 92.292   6.212 487.250
 92.392   6.205 487.266
 92.492   6.197 487.282
 92.593   6.190 487.298
 92.693   6.182 487.314
 92.793   6.175 487.329
 92.893   6.167 487.345
 92.993   6.160 487.361
 93.093   6.153 487.376
 93.193   6.145 487.392
 93.293   6.138 487.407
 93.393   6.131 487.423
 93.493   6.123 487.438
 93.594   6.116 487.453
 93.694   6.109 487.469
 93.794   6.101 487.484
 93.894   6.094 487.499
 93.994   6.087 487.515
 94.094   6.080 487.530
 94.194   6.072 487.545
 94.294   6.065 487.560
 94.394   6.058 487.575
 94.494   6.051 487.590
 94.595   6.044 487.605
 94.695   6.037 487.620
 94.795   6.030 487.635
 94.895   6.022 487.650
 94.995   6.015 487.665
 95.095   6.008 487.680
 95.195   6.001 487.695
 95.295   5.994 487.709
 95.395   5.987 487.724
 95.495   5.980 487.739
 95.596   5.973 487.753
 95.696   5.966 487.768
 95.796   5.959 487.783
 95.896   5.953 487.797
 95.996   5.946 487.812
 96.096   5.939 487.826
 96.196   5.932 487.841
 96.296   5.925 487.855
 96.396   5.918 487.869
 96.496   5.911 487.884
 96.597   5.904 487.898
 96.697   5.898 487.912
 96.797   5.891 487.927
 96.897   5.884 487.941
 96.997   5.877 487.955
 97.097   5.871 487.969
 97.197   5.864 487.983
 97.297   5.857 487.997
 97.397   5.851 488.012
 97.497   5.844 488.026
 97.598   5.837 488.040
 97.698   5.831 488.053
 97.798   5.824 488.067
 97.898   5.817 488.081
 97.998   5.811 488.095
 98.098   5.804 488.109
 98.198   5.798 488.123
 98.298   5.791 488.137
 98.398   5.784 488.150
 98.498   5.778 488.164
 98.599   5.771 488.178
 98.699   5.765 488.191
 98.799   5.758 488.205
 98.899   5.752 488.219
 98.999   5.745 488.232
 99.099   5.739 488.246
 99.199   5.733 488.259
 99.299   5.726 488.273
 99.399   5.720 488.286
 99.499   5.713 488.299
 99.600   5.707 488.313
 99.700   5.701 488.326
 99.800   5.694 488.339
 99.900   5.688 488.353
100.000   5.682 488.366
