# ALPHA_1 0.002
# ALPHA_2 0.001
# BETTA_1 0.004
# BETTA_2 0.001
# GAMMA_1 0.500
# GAMMA_2 0.500
# Y0 196.000
# Z0 196.000
# X_BEG 0.000
# X_END 100.000
# XDOTS_NUM 1000
# DX 0.100
  0.000 196.000 196.000
  0.100 187.158 194.472
  0.200 179.335 193.304
  0.300 172.366 192.446
  0.400 166.117 191.860
  0.501 160.484 191.511
  0.601 155.378 191.373
  0.701 150.729 191.422
  0.801 146.478 191.640
  0.901 142.575 192.008
  1.001 138.978 192.513
  1.101 135.652 193.142
  1.201 132.566 193.884
  1.301 129.695 194.730
  1.401 127.016 195.670
  1.502 124.508 196.698
  1.602 122.156 197.806
  1.702 119.944 198.988
  1.802 117.859 200.239
  1.902 115.890 201.554
  2.002 114.025 202.928
  2.102 112.257 204.357
  2.202 110.576 205.837
  2.302 108.975 207.364
  2.402 107.448 208.936
  2.503 105.989 210.549
  2.603 104.592 212.201
  2.703 103.253 213.888
  2.803 101.968 215.609
  2.903 100.731 217.360
  3.003  99.541 219.141
  3.103  98.393 220.947
  3.203  97.284 222.779
  3.303  96.212 224.633
  3.403  95.174 226.508
  3.504  94.169 228.403
  3.604  93.193 230.315
  3.704  92.245 232.243
  3.804  91.323 234.186
  3.904  90.426 236.142
  4.004  89.551 238.110
  4.104  88.698 240.088
  4.204  87.866 242.076
  4.304  87.053 244.071
  4.404  86.257 246.073
  4.505  85.479 248.081
  4.605  84.717 250.094
  4.705  83.970 252.110
  4.805  83.237 254.129
  4.905  82.519 256.149
  5.005  81.813 258.170
  5.105  81.119 260.191
  5.205  80.438 262.211
  5.305  79.767 264.228
  5.405  79.107 266.243
  5.506  78.458 268.255
  5.606  77.818 270.262
  5.706  77.187 272.264
  5.806  76.566 274.260
  5.906  75.953 276.250
  6.006  75.348 278.233
  6.106  74.752 280.209
  6.206  74.163 282.176
  6.306  73.581 284.135
  6.406  73.007 286.084
  6.507  72.439 288.024
  6.607  71.879 289.953
  6.707  71.325 291.872
  6.807  70.777 293.779
  6.907  70.235 295.675
  7.007  69.699 297.559
  7.107  69.170 299.430
  7.207  68.645 301.289
  7.307  68.127 303.135
  7.407  67.614 304.967
  7.508  67.106 306.786
  7.608  66.603 308.591
  7.708  66.106 310.382
  7.808  65.613 312.158
  7.908  65.126 313.920
  8.008  64.643 315.667
  8.108  64.165 317.399
  8.208  63.691 319.115
  8.308  63.223 320.817
  8.408  62.759 322.502
  8.509  62.299 324.173
  8.609  61.843 325.827
  8.709  61.392 327.466
  8.809  60.946 329.089
  8.909  60.503 330.696
  9.009  60.065 332.286
  9.109  59.631 333.861
  9.209  59.201 335.419
  9.309  58.775 336.962
  9.409  58.353 338.488
  9.510  57.935 339.998
  9.610  57.521 341.492
  9.710  57.111 342.970
  9.810  56.704 344.431
  9.910  56.302 345.877
 10.010  55.903 347.306
 10.110  55.508 348.720
 10.210  55.117 350.117
 10.310  54.729 351.499
 10.410  54.345 352.865
 10.511  53.965 354.215
 10.611  53.588 355.549
 10.711  53.215 356.868
 10.811  52.845 358.172
 10.911  52.479 359.460
 11.011  52.116 360.732
 11.111  51.757 361.990
 11.211  51.401 363.232
 11.311  51.049 364.460
 11.411  50.700 365.672
 11.512  50.354 366.870
 11.612  50.011 368.054
 11.712  49.672 369.223
 11.812  49.336 370.377
 11.912  49.003 371.518
 12.012  48.673 372.644
 12.112  48.347 373.757
 12.212  48.023 374.855
 12.312  47.703 375.940
 12.412  47.386 377.012
 12.513  47.072 378.070
 12.613  46.761 379.115
 12.713  46.452 380.147
 12.813  46.147 381.166
 12.913  45.845 382.172
 13.013  45.546 383.166
 13.113  45.249 384.147
 13.213  44.955 385.116
 13.313  44.665 386.072
 13.413  44.377 387.017
 13.514  44.091 387.950
 13.614  43.809 388.871
 13.714  43.529 389.780
 13.814  43.252 390.678
 13.914  42.978 391.565
 14.014  42.706 392.441
 14.114  42.437 393.305
 14.214  42.170 394.159
 14.314  41.906 395.002
 14.414  41.645 395.834
 14.515  41.386 396.656
 14.615  41.129 397.468
 14.715  40.875 398.269
 14.815  40.624 399.061
 14.915  40.375 399.843
 15.015  40.128 400.615
 15.115  39.884 401.377
 15.215  39.642 402.130
 15.315  39.402 402.873
 15.415  39.165 403.608
 15.516  38.929 404.333
 15.616  38.697 405.049
 15.716  38.466 405.757
 15.816  38.237 406.456
 15.916  38.011 407.146
 16.016  37.787 407.828
 16.116  37.565 408.501
 16.216  37.345 409.166
 16.316  37.127 409.823
 16.416  36.912 410.473
 16.517  36.698 411.114
 16.617  36.486 411.748
 16.717  36.276 412.374
 16.817  36.069 412.992
 16.917  35.863 413.603
 17.017  35.659 414.207
 17.117  35.457 414.804
 17.217  35.257 415.393
 17.317  35.059 415.976
 17.417  34.862 416.551
 17.518  34.668 417.120
 17.618  34.475 417.682
 17.718  34.284 418.238
 17.818  34.095 418.787
 17.918  33.908 419.330
 18.018  33.722 419.866
 18.118  33.538 420.396
 18.218  33.356 420.921
 18.318  33.175 421.439
 18.418  32.996 421.951
 18.519  32.819 422.457
 18.619  32.643 422.958
 18.719  32.469 423.453
 18.819  32.296 423.942
 18.919  32.125 424.426
 19.019  31.956 424.904
 19.119  31.788 425.377
 19.219  31.622 425.845
 19.319  31.457 426.307
 19.419  31.293 426.765
 19.520  31.131 427.217
 19.620  30.971 427.665
 19.720  30.812 428.107
 19.820  30.654 428.545
 19.920  30.498 428.978
 20.020  30.343 429.406
 20.120  30.189 429.830
 20.220  30.037 430.249
 20.320  29.886 430.663
 20.420  29.737 431.073
 20.521  29.589 431.479
 20.621  29.442 431.880
 20.721  29.296 432.278
 20.821  29.151 432.671
 20.921  29.008 433.059
 21.021  28.866 433.444
 21.121  28.726 433.825
 21.221  28.586 434.202
 21.321  28.448 434.575
 21.421  28.311 434.944
 21.522  28.175 435.309
 21.622  28.040 435.671
 21.722  27.906 436.029
 21.822  27.774 436.383
 21.922  27.642 436.734
 22.022  27.512 437.081
 22.122  27.383 437.425
 22.222  27.254 437.765
 22.322  27.127 438.102
 22.422  27.001 438.435
 22.523  26.876 438.766
 22.623  26.752 439.093
 22.723  26.629 439.416
 22.823  26.507 439.737
 22.923  26.386 440.055
 23.023  26.267 440.369
 23.123  26.148 440.680
 23.223  26.030 440.989
 23.323  25.913 441.294
 23.423  25.796 441.597
 23.524  25.681 441.896
 23.624  25.567 442.193
 23.724  25.454 442.487
 23.824  25.341 442.778
 23.924  25.230 443.067
 24.024  25.119 443.352
 24.124  25.009 443.636
 24.224  24.900 443.916
 24.324  24.792 444.194
 24.424  24.685 444.469
 24.525  24.579 444.742
 24.625  24.473 445.013
 24.725  24.369 445.280
 24.825  24.265 445.546
 24.925  24.162 445.809
 25.025  24.059 446.070
 25.125  23.958 446.328
 25.225  23.857 446.584
 25.325  23.757 446.838
 25.425  23.658 447.089
 25.526  23.560 447.338
 25.626  23.462 447.586
 25.726  23.365 447.830
 25.826  23.269 448.073
 25.926  23.173 448.314
 26.026  23.078 448.553
 26.126  22.984 448.789
 26.226  22.891 449.024
 26.326  22.798 449.256
 26.426  22.706 449.486
 26.527  22.615 449.715
 26.627  22.525 449.942
 26.727  22.435 450.166
 26.827  22.345 450.389
 26.927  22.257 450.610
 27.027  22.169 450.829
 27.127  22.081 451.046
 27.227  21.995 451.262
 27.327  21.909 451.475
 27.427  21.823 451.687
 27.528  21.738 451.897
 27.628  21.654 452.106
 27.728  21.570 452.312
 27.828  21.487 452.517
 27.928  21.405 452.721
 28.028  21.323 452.922
 28.128  21.242 453.123
 28.228  21.161 453.321
 28.328  21.081 453.518
 28.428  21.001 453.713
 28.529  20.922 453.907
 28.629  20.844 454.099
 28.729  20.766 454.290
 28.829  20.689 454.479
 28.929  20.612 454.667
 29.029  20.535 454.853
 29.129  20.460 455.038
 29.229  20.384 455.222
 29.329  20.310 455.404
 29.429  20.235 455.584
 29.530  20.162 455.763
 29.630  20.088 455.941
 29.730  20.016 456.118
 29.830  19.943 456.293
 29.930  19.872 456.467
 30.030  19.800 456.639
 30.130  19.730 456.811
 30.230  19.659 456.980
 30.330  19.589 457.149
 30.430  19.520 457.317
 30.531  19.451 457.483
 30.631  19.383 457.648
 30.731  19.315 457.811
 30.831  19.247 457.974
 30.931  19.180 458.135
 31.031  19.113 458.295
 31.131  19.047 458.454
 31.231  18.981 458.612
 31.331  18.916 458.769
 31.431  18.851 458.924
 31.532  18.786 459.079
 31.632  18.722 459.232
 31.732  18.658 459.384
 31.832  18.595 459.536
 31.932  18.532 459.686
 32.032  18.469 459.835
 32.132  18.407 459.983
 32.232  18.346 460.130
 32.332  18.284 460.276
 32.432  18.223 460.420
 32.533  18.163 460.564
 32.633  18.103 460.707
 32.733  18.043 460.849
 32.833  17.983 460.990
 32.933  17.924 461.130
 33.033  17.865 461.269
 33.133  17.807 461.407
 33.233  17.749 461.544
 33.333  17.691 461.680
 33.433  17.634 461.816
 33.534  17.577 461.950
 33.634  17.521 462.083
 33.734  17.464 462.216
 33.834  17.409 462.348
 33.934  17.353 462.478
 34.034  17.298 462.608
 34.134  17.243 462.737
 34.234  17.188 462.866
 34.334  17.134 462.993
 34.434  17.080 463.119
 34.535  17.027 463.245
 34.635  16.973 463.370
 34.735  16.920 463.494
 34.835  16.868 463.617
 34.935  16.815 463.740
 35.035  16.763 463.862
 35.135  16.712 463.982
 35.235  16.660 464.103
 35.335  16.609 464.222
 35.435  16.558 464.340
 35.536  16.508 464.458
 35.636  16.457 464.575
 35.736  16.407 464.692
 35.836  16.358 464.807
 35.936  16.308 464.922
 36.036  16.259 465.036
 36.136  16.211 465.150
 36.236  16.162 465.263
 36.336  16.114 465.375
 36.436  16.066 465.486
 36.537  16.018 465.597
 36.637  15.971 465.707
 36.737  15.923 465.816
 36.837  15.877 465.925
 36.937  15.830 466.033
 37.037  15.784 466.140
 37.137  15.737 466.247
 37.237  15.692 466.353
 37.337  15.646 466.458
 37.437  15.601 466.563
 37.538  15.555 466.667
 37.638  15.511 466.770
 37.738  15.466 466.873
 37.838  15.422 466.975
 37.938  15.378 467.077
 38.038  15.334 467.178
 38.138  15.290 467.279
 38.238  15.247 467.379
 38.338  15.203 467.478
 38.438  15.160 467.576
 38.539  15.118 467.675
 38.639  15.075 467.772
 38.739  15.033 467.869
 38.839  14.991 467.966
 38.939  14.949 468.061
 39.039  14.908 468.157
 39.139  14.866 468.251
 39.239  14.825 468.346
 39.339  14.784 468.439
 39.439  14.744 468.533
 39.540  14.703 468.625
 39.640  14.663 468.717
 39.740  14.623 468.809
 39.840  14.583 468.900
 39.940  14.543 468.990
 40.040  14.504 469.080
 40.140  14.465 469.170
 40.240  14.425 469.259
 40.340  14.387 469.348
 40.440  14.348 469.436
 40.541  14.310 469.523
 40.641  14.271 469.610
 40.741  14.233 469.697
 40.841  14.195 469.783
 40.941  14.158 469.869
 41.041  14.120 469.954
 41.141  14.083 470.038
 41.241  14.046 470.123
 41.341  14.009 470.206
 41.441  13.972 470.290
 41.542  13.936 470.373
 41.642  13.900 470.455
 41.742  13.863 470.537
 41.842  13.827 470.619
 41.942  13.792 470.700
 42.042  13.756 470.780
 42.142  13.721 470.861
 42.242  13.685 470.941
 42.342  13.650 471.020
 42.442  13.615 471.099
 42.543  13.581 471.177
 42.643  13.546 471.256
 42.743  13.512 471.333
 42.843  13.477 471.411
 42.943  13.443 471.488
 43.043  13.409 471.564
 43.143  13.376 471.640
 43.243  13.342 471.716
 43.343  13.309 471.791
 43.443  13.275 471.866
 43.544  13.242 471.941
 43.644  13.209 472.015
 43.744  13.176 472.089
 43.844  13.144 472.162
 43.944  13.111 472.236
 44.044  13.079 472.308
 44.144  13.047 472.381
 44.244  13.015 472.452
 44.344  12.983 472.524
 44.444  12.951 472.595
 44.545  12.920 472.666
 44.645  12.888 472.737
 44.745  12.857 472.807
 44.845  12.826 472.877
 44.945  12.795 472.946
 45.045  12.764 473.015
 45.145  12.733 473.084
 45.245  12.703 473.153
 45.345  12.673 473.221
 45.445  12.642 473.288
 45.546  12.612 473.356
 45.646  12.582 473.423
 45.746  12.552 473.490
 45.846  12.523 473.556
 45.946  12.493 473.622
 46.046  12.464 473.688
 46.146  12.434 473.754
 46.246  12.405 473.819
 46.346  12.376 473.884
 46.446  12.347 473.948
 46.547  12.318 474.012
 46.647  12.290 474.076
 46.747  12.261 474.140
 46.847  12.233 474.203
 46.947  12.205 474.266
 47.047  12.176 474.329
 47.147  12.148 474.392
 47.247  12.121 474.454
 47.347  12.093 474.516
 47.447  12.065 474.577
 47.548  12.038 474.638
 47.648  12.010 474.699
 47.748  11.983 474.760
 47.848  11.956 474.820
 47.948  11.929 474.881
 48.048  11.902 474.940
 48.148  11.875 475.000
 48.248  11.848 475.059
 48.348  11.822 475.118
 48.448  11.795 475.177
 48.549  11.769 475.236
 48.649  11.743 475.294
 48.749  11.717 475.352
 48.849  11.691 475.409
 48.949  11.665 475.467
 49.049  11.639 475.524
 49.149  11.613 475.581
 49.249  11.588 475.638
 49.349  11.562 475.694
 49.449  11.537 475.750
 49.550  11.512 475.806
 49.650  11.487 475.862
 49.750  11.462 475.917
 49.850  11.437 475.972
 49.950  11.412 476.027
 50.050  11.387 476.082
 50.150  11.362 476.136
 50.250  11.338 476.190
 50.350  11.314 476.244
 50.450  11.289 476.298
 50.551  11.265 476.351
 50.651  11.241 476.404
 50.751  11.217 476.457
 50.851  11.193 476.510
 50.951  11.169 476.563
 51.051  11.146 476.615
 51.151  11.122 476.667
 51.251  11.099 476.719
 51.351  11.075 476.771
 51.451  11.052 476.822
 51.552  11.029 476.873
 51.652  11.005 476.924
 51.752  10.982 476.975
 51.852  10.959 477.025
 51.952  10.937 477.076
 52.052  10.914 477.126
 52.152  10.891 477.176
 52.252  10.869 477.225
 52.352  10.846 477.275
 52.452  10.824 477.324
 52.553  10.802 477.373
 52.653  10.779 477.422
 52.753  10.757 477.470
 52.853  10.735 477.519
 52.953  10.713 477.567
 53.053  10.691 477.615
 53.153  10.670 477.663
 53.253  10.648 477.711
 53.353  10.626 477.758
 53.453  10.605 477.805
 53.554  10.583 477.852
 53.654  10.562 477.899
 53.754  10.541 477.946
 53.854  10.520 477.992
 53.954  10.499 478.038
 54.054  10.478 478.084
 54.154  10.457 478.130
 54.254  10.436 478.176
 54.354  10.415 478.221
 54.454  10.394 478.267
 54.555  10.374 478.312
 54.655  10.353 478.357
 54.755  10.333 478.402
 54.855  10.312 478.446
 54.955  10.292 478.491
 55.055  10.272 478.535
 55.155  10.252 478.579
 55.255  10.232 478.623
 55.355  10.212 478.666
 55.455  10.192 478.710
 55.556  10.172 478.753
 55.656  10.152 478.797
 55.756  10.132 478.840
 55.856  10.113 478.882
 55.956  10.093 478.925
 56.056  10.074 478.968
 56.156  10.054 479.010
 56.256  10.035 479.052
 56.356  10.016 479.094
 56.456   9.997 479.136
 56.557   9.978 479.178
 56.657   9.959 479.219
 56.757   9.940 479.260
 56.857   9.921 479.302
 56.957   9.902 479.343
 57.057   9.883 479.384
 57.157   9.865 479.424
 57.257   9.846 479.465
 57.357   9.827 479.505
 57.457   9.809 479.545
 57.558   9.790 479.586
 57.658   9.772 479.625
 57.758   9.754 479.665
 57.858   9.736 479.705
 57.958   9.718 479.744
 58.058   9.699 479.784
 58.158   9.681 479.823
 58.258   9.663 479.862
 58.358   9.646 479.901
 58.458   9.628 479.940
 58.559   9.610 479.978
 58.659   9.592 480.017
 58.759   9.575 480.055
 58.859   9.557 480.093
 58.959   9.540 480.131
 59.059   9.522 480.169
 59.159   9.505 480.207
 59.259   9.488 480.244
 59.359   9.470 480.282
 59.459   9.453 480.319
 59.560   9.436 480.356
 59.660   9.419 480.393
 59.760   9.402 480.430
 59.860   9.385 480.467
 59.960   9.368 480.504
 60.060   9.351 480.540
 60.160   9.335 480.576
 60.260   9.318 480.613
 60.360   9.301 480.649
 60.460   9.285 480.685
 60.561   9.268 480.721
 60.661   9.252 480.756
 60.761   9.235 480.792
 60.861   9.219 480.827
 60.961   9.202 480.863
 61.061   9.186 480.898
 61.161   9.170 480.933
 61.261   9.154 480.968
 61.361   9.138 481.003
 61.461   9.122 481.037
 61.562   9.106 481.072
 61.662   9.090 481.106
 61.762   9.074 481.141
 61.862   9.058 481.175
 61.962   9.042 481.209
 62.062   9.027 481.243
 62.162   9.011 481.277
 62.262   8.995 481.310
 62.362   8.980 481.344
 62.462   8.964 481.378
 62.563   8.949 481.411
 62.663   8.934 481.444
 62.763   8.918 481.477
 62.863   8.903 481.510
 62.963   8.888 481.543
 63.063   8.873 481.576
 63.163   8.857 481.609
 63.263   8.842 481.641
 63.363   8.827 481.674
 63.463   8.812 481.706
 63.564   8.797 481.738
 63.664   8.783 481.770
 63.764   8.768 481.802
 63.864   8.753 481.834
 63.964   8.738 481.866
 64.064   8.723 481.898
 64.164   8.709 481.929
 64.264   8.694 481.961
 64.364   8.680 481.992
 64.464   8.665 482.023
 64.565   8.651 482.054
 64.665   8.636 482.085
 64.765   8.622 482.116
 64.865   8.608 482.147
 64.965   8.593 482.178
 65.065   8.579 482.208
 65.165   8.565 482.239
 65.265   8.551 482.269
 65.365   8.537 482.300
 65.465   8.523 482.330
 65.566   8.509 482.360
 65.666   8.495 482.390
 65.766   8.481 482.420
 65.866   8.467 482.450
 65.966   8.453 482.479
 66.066   8.440 482.509
 66.166   8.426 482.538
 66.266   8.412 482.568
 66.366   8.399 482.597
 66.466   8.385 482.626
 66.567   8.371 482.656
 66.667   8.358 482.685
 66.767   8.344 482.713
 66.867   8.331 482.742
 66.967   8.318 482.771
 67.067   8.304 482.800
 67.167   8.291 482.828
 67.267   8.278 482.857
 67.367   8.265 482.885
 67.467   8.251 482.913
 67.568   8.238 482.941
 67.668   8.225 482.970
 67.768   8.212 482.998
 67.868   8.199 483.025
 67.968   8.186 483.053
 68.068   8.173 483.081
 68.168   8.160 483.109
 68.268   8.147 483.136
 68.368   8.135 483.164
 68.468   8.122 483.191
 68.569   8.109 483.218
 68.669   8.097 483.246
 68.769   8.084 483.273
 68.869   8.071 483.300
 68.969   8.059 483.327
 69.069   8.046 483.354
 69.169   8.034 483.380
 69.269   8.021 483.407
 69.369   8.009 483.434
 69.469   7.996 483.460
 69.570   7.984 483.487
 69.670   7.972 483.513
 69.770   7.959 483.539
 69.870   7.947 483.565
 69.970   7.935 483.591
 70.070   7.923 483.617
 70.170   7.911 483.643
 70.270   7.899 483.669
 70.370   7.887 483.695
 70.470   7.875 483.721
 70.571   7.863 483.746
 70.671   7.851 483.772
 70.771   7.839 483.797
 70.871   7.827 483.823
 70.971   7.815 483.848
 71.071   7.803 483.873
 71.171   7.791 483.898
 71.271   7.780 483.924
 71.371   7.768 483.949
 71.471   7.756 483.973
 71.572   7.745 483.998
 71.672   7.733 484.023
 71.772   7.722 484.048
 71.872   7.710 484.072
 71.972   7.699 484.097
 72.072   7.687 484.121
 72.172   7.676 484.146
 72.272   7.664 484.170
 72.372   7.653 484.194
 72.472   7.642 484.219
 72.573   7.630 484.243
 72.673   7.619 484.267
 72.773   7.608 484.291
 72.873   7.597 484.315
 72.973   7.586 484.338
 73.073   7.574 484.362
 73.173   7.563 484.386
 73.273   7.552 484.409
 73.373   7.541 484.433
 73.473   7.530 484.456
 73.574   7.519 484.480
 73.674   7.508 484.503
 73.774   7.497 484.526
 73.874   7.486 484.550
 73.974   7.476 484.573
 74.074   7.465 484.596
 74.174   7.454 484.619
 74.274   7.443 484.642
 74.374   7.433 484.665
 74.474   7.422 484.687
 74.575   7.411 484.710
 74.675   7.401 484.733
 74.775   7.390 484.755
 74.875   7.379 484.778
 74.975   7.369 484.800
 75.075   7.358 484.823
 75.175   7.348 484.845
 75.275   7.337 484.867
 75.375   7.327 484.889
 75.475   7.317 484.912
 75.576   7.306 484.934
 75.676   7.296 484.956
 75.776   7.286 484.978
 75.876   7.275 485.000
 75.976   7.265 485.021
 76.076   7.255 485.043
 76.176   7.245 485.065
 76.276   7.234 485.086
 76.376   7.224 485.108
 76.476   7.214 485.129
 76.577   7.204 485.151
 76.677   7.194 485.172
 76.777   7.184 485.194
 76.877   7.174 485.215
 76.977   7.164 485.236
 77.077   7.154 485.257
 77.177   7.144 485.278
 77.277   7.134 485.299
 77.377   7.124 485.320
 77.477   7.115 485.341
 77.578   7.105 485.362
 77.678   7.095 485.383
 77.778   7.085 485.404
 77.878   7.075 485.424
 77.978   7.066 485.445
 78.078   7.056 485.465
 78.178   7.046 485.486
 78.278   7.037 485.506
 78.378   7.027 485.527
 78.478   7.018 485.547
 78.579   7.008 485.567
 78.679   6.998 485.588
 78.779   6.989 485.608
 78.879   6.979 485.628
 78.979   6.970 485.648
 79.079   6.961 485.668
 79.179   6.951 485.688
 79.279   6.942 485.708
 79.379   6.932 485.728
 79.479   6.923 485.747
 79.580   6.914 485.767
 79.680   6.905 485.787
 79.780   6.895 485.806
 79.880   6.886 485.826
 79.980   6.877 485.846
 80.080   6.868 485.865
 80.180   6.859 485.884
 80.280   6.849 485.904
 80.380   6.840 485.923
 80.480   6.831 485.942
 80.581   6.822 485.961
 80.681   6.813 485.981
 80.781   6.804 486.000
 80.881   6.795 486.019
 80.981   6.786 486.038
 81.081   6.777 486.057
 81.181   6.768 486.076
 81.281   6.759 486.094
 81.381   6.751 486.113
 81.481   6.742 486.132
 81.582   6.733 486.151
 81.682   6.724 486.169
 81.782   6.715 486.188
 81.882   6.707 486.206
 81.982   6.698 486.225
 82.082   6.689 486.243
 82.182   6.680 486.262
 82.282   6.672 486.280
 82.382   6.663 486.298
 82.482   6.654 486.317
 82.583   6.646 486.335
 82.683   6.637 486.353
 82.783   6.629 486.371
 82.883   6.620 486.389
 82.983   6.612 486.407
 83.083   6.603 486.425
 83.183   6.595 486.443
 83.283   6.586 486.461
 83.383   6.578 486.479
 83.483   6.569 486.497
 83.584   6.561 486.514
 83.684   6.553 486.532
 83.784   6.544 486.550
 83.884   6.536 486.567
 83.984   6.528 486.585
 84.084   6.519 486.602
 84.184   6.511 486.620
 84.284   6.503 486.637
 84.384   6.495 486.655
 84.484   6.486 486.672
 84.585   6.478 486.689
 84.685   6.470 486.706
 84.785   6.462 486.724
 84.885   6.454 486.741
 84.985   6.446 486.758
 85.085   6.438 486.775
 85.185   6.430 486.792
 85.285   6.421 486.809
 85.385   6.413 486.826
 85.485   6.405 486.843
 85.586   6.397 486.860
 85.686   6.390 486.877
 85.786   6.382 486.893
 85.886   6.374 486.910
 85.986   6.366 486.927
 86.086   6.358 486.943
 86.186   6.350 486.960
 86.286   6.342 486.976
 86.386   6.334 486.993
 86.486   6.327 487.009
 86.587   6.319 487.026
 86.687   6.311 487.042
 86.787   6.303 487.059
 86.887   6.295 487.075
 86.987   6.288 487.091
 87.087   6.280 487.107
 87.187   6.272 487.124
 87.287   6.265 487.140
 87.387   6.257 487.156
 87.487   6.249 487.172
 87.588   6.242 487.188
 87.688   6.234 487.204
 87.788   6.227 487.220
 87.888   6.219 487.236
 87.988   6.212 487.252
 88.088   6.204 487.268
 88.188   6.197 487.283
 88.288   6.189 487.299
 88.388   6.182 487.315
 88.488   6.174 487.331
 88.589   6.167 487.346
 88.689   6.159 487.362
 88.789   6.152 487.377
 88.889   6.145 487.393
 88.989   6.137 487.408
 89.089   6.130 487.424
 89.189   6.123 487.439
 89.289   6.115 487.455
 89.389   6.108 487.470
 89.489   6.101 487.485
 89.590   6.094 487.500
 89.690   6.086 487.516
 89.790   6.079 487.531
 89.890   6.072 487.546
 89.990   6.065 487.561
 90.090   6.058 487.576
 90.190   6.050 487.591
 90.290   6.043 487.606
 90.390   6.036 487.621
 90.490   6.029 487.636
 90.591   6.022 487.651
 90.691   6.015 487.666
 90.791   6.008 487.681
 90.891   6.001 487.696
 90.991   5.994 487.710
 91.091   5.987 487.725
 91.191   5.980 487.740
 91.291   5.973 487.755
 91.391   5.966 487.769
 91.491   5.959 487.784
 91.592   5.952 487.798
 91.692   5.945 487.813
 91.792   5.938 487.827
 91.892   5.931 487.842
 91.992   5.924 487.856
 92.092   5.918 487.871
 92.192   5.911 487.885
 92.292   5.904 487.899
 92.392   5.897 487.914
 92.492   5.890 487.928
 92.593   5.884 487.942
 92.693   5.877 487.956
 92.793   5.870 487.970
 92.893   5.863 487.984
 92.993   5.857 487.999
 93.093   5.850 488.013
 93.193   5.843 488.027
 93.293   5.837 488.041
 93.393   5.830 488.055
 93.493   5.823 488.068
 93.594   5.817 488.082
 93.694   5.810 488.096
 93.794   5.804 488.110
 93.894   5.797 488.124
 93.994   5.790 488.138
 94.094   5.784 488.151
 94.194   5.777 488.165
 94.294   5.771 488.179
 94.394   5.764 488.192
 94.494   5.758 488.206
 94.595   5.751 488.220
 94.695   5.745 488.233
 94.795   5.739 488.247
 94.895   5.732 488.260
 94.995   5.726 488.274
 95.095   5.719 488.287
 95.195   5.713 488.300
 95.295   5.707 488.314
 95.395   5.700 488.327
 95.495   5.694 488.340
 95.596   5.688 488.354
 95.696   5.681 488.367
 95.796   5.675 488.380
 95.896   5.669 488.393
 95.996   5.662 488.407
 96.096   5.656 488.420
 96.196   5.650 488.433
 96.296   5.644 488.446
 96.396   5.637 488.459
 96.496   5.631 488.472
 96.597   5.625 488.485
 96.697   5.619 488.498
 96.797   5.613 488.511
 96.897   5.606 488.524
 96.997   5.600 488.536
 97.097   5.594 488.549
 97.197   5.588 488.562
 97.297   5.582 488.575
 97.397   5.576 488.588
 97.497   5.570 488.600
 97.598   5.564 488.613
 97.698   5.558 488.626
 97.798   5.552 488.638
 97.898   5.546 488.651
 97.998   5.540 488.664
 98.098   5.534 488.676
 98.198   5.528 488.689
 98.298   5.522 488.701
 98.398   5.516 488.714
 98.498   5.510 488.726
 98.599   5.504 488.739
 98.699   5.498 488.751
 98.799   5.492 488.763
 98.899   5.486 488.776
 98.999   5.480 488.788
 99.099   5.474 488.800
 99.199   5.469 488.813
 99.299   5.463 488.825
 99.399   5.457 488.837
 99.499   5.451 488.849
 99.600   5.445 488.861
 99.700   5.439 488.873
 99.800   5.434 488.886
 99.900   5.428 488.898
100.000   5.422 488.910
