# ALPHA_1 0.002
# ALPHA_2 0.001
# BETTA_1 0.004
# BETTA_2 0.001
# GAMMA_1 0.500
# GAMMA_2 0.500
# Y0 211.000
# Z0 211.000
# X_BEG 0.000
# X_END 100.000
# XDOTS_NUM 1000
# DX 0.100
  0.000 211.000 211.000
  0.100 200.071 208.470
  0.200 190.529 206.439
  0.300 182.127 204.832
  0.400 174.672 203.588
  0.501 168.014 202.660
  0.601 162.032 202.006
  0.701 156.627 201.595
  0.801 151.720 201.399
  0.901 147.243 201.393
  1.001 143.143 201.559
  1.101 139.373 201.878
  1.201 135.894 202.337
  1.301 132.673 202.922
  1.401 129.680 203.623
  1.502 126.893 204.428
  1.602 124.288 205.330
  1.702 121.849 206.321
  1.802 119.558 207.392
  1.902 117.401 208.540
  2.002 115.367 209.756
  2.102 113.443 211.037
  2.202 111.621 212.377
  2.302 109.890 213.773
  2.402 108.245 215.220
  2.503 106.677 216.714
  2.603 105.180 218.253
  2.703 103.749 219.832
  2.803 102.378 221.450
  2.903 101.063 223.103
  3.003  99.800 224.789
  3.103  98.584 226.505
  3.203  97.414 228.249
  3.303  96.284 230.019
  3.403  95.193 231.814
  3.504  94.138 233.630
  3.604  93.116 235.466
  3.704  92.125 237.320
  3.804  91.163 239.191
  3.904  90.229 241.078
  4.004  89.320 242.978
  4.104  88.436 244.890
  4.204  87.574 246.813
  4.304  86.733 248.746
  4.404  85.912 250.687
  4.505  85.110 252.634
  4.605  84.326 254.588
  4.705  83.558 256.546
  4.805  82.807 258.508
  4.905  82.070 260.473
  5.005  81.348 262.439
  5.105  80.640 264.406
  5.205  79.944 266.373
  5.305  79.261 268.338
  5.405  78.589 270.302
  5.506  77.929 272.262
  5.606  77.279 274.219
  5.706  76.639 276.172
  5.806  76.009 278.120
  5.906  75.389 280.062
  6.006  74.777 281.997
  6.106  74.174 283.926
  6.206  73.580 285.847
  6.306  72.993 287.760
  6.406  72.415 289.663
  6.507  71.843 291.558
  6.607  71.279 293.443
  6.707  70.722 295.318
  6.807  70.172 297.182
  6.907  69.628 299.035
  7.007  69.091 300.876
  7.107  68.560 302.705
  7.207  68.035 304.522
  7.307  67.516 306.327
  7.407  67.002 308.119
  7.508  66.494 309.897
  7.608  65.992 311.662
  7.708  65.495 313.413
  7.808  65.003 315.150
  7.908  64.517 316.873
  8.008  64.035 318.582
  8.108  63.559 320.276
  8.208  63.087 321.955
  8.308  62.620 323.619
  8.408  62.158 325.268
  8.509  61.701 326.902
  8.609  61.248 328.520
  8.709  60.799 330.124
  8.809  60.355 331.711
  8.909  59.916 333.283
  9.009  59.480 334.840
  9.109  59.049 336.380
  9.209  58.622 337.905
  9.309  58.200 339.414
  9.409  57.781 340.908
  9.510  57.366 342.385
  9.610  56.956 343.847
  9.710  56.549 345.293
  9.810  56.146 346.723
  9.910  55.748 348.138
 10.010  55.353 349.537
 10.110  54.961 350.920
 10.210  54.574 352.288
 10.310  54.190 353.640
 10.410  53.810 354.977
 10.511  53.434 356.298
 10.611  53.061 357.604
 10.711  52.692 358.895
 10.811  52.326 360.171
 10.911  51.964 361.432
 11.011  51.605 362.677
 11.111  51.250 363.908
 11.211  50.898 365.125
 11.311  50.550 366.326
 11.411  50.205 367.514
 11.512  49.863 368.687
 11.612  49.525 369.845
 11.712  49.189 370.990
 11.812  48.857 372.120
 11.912  48.529 373.237
 12.012  48.203 374.340
 12.112  47.881 375.430
 12.212  47.561 376.505
 12.312  47.245 377.568
 12.412  46.932 378.618
 12.513  46.622 379.654
 12.613  46.314 380.678
 12.713  46.010 381.689
 12.813  45.709 382.687
 12.913  45.411 383.673
 13.013  45.115 384.646
 13.113  44.823 385.607
 13.213  44.533 386.556
 13.313  44.246 387.494
 13.413  43.962 388.420
 13.514  43.680 389.334
 13.614  43.401 390.236
 13.714  43.125 391.127
 13.814  42.852 392.008
 13.914  42.581 392.877
 14.014  42.313 393.735
 14.114  42.048 394.582
 14.214  41.785 395.419
 14.314  41.524 396.246
 14.414  41.267 397.062
 14.515  41.011 397.868
 14.615  40.758 398.664
 14.715  40.508 399.450
 14.815  40.260 400.226
 14.915  40.014 400.993
 15.015  39.771 401.750
 15.115  39.530 402.497
 15.215  39.291 403.236
 15.315  39.054 403.965
 15.415  38.820 404.686
 15.516  38.588 405.397
 15.616  38.359 406.100
 15.716  38.131 406.794
 15.816  37.906 407.480
 15.916  37.683 408.157
 16.016  37.462 408.826
 16.116  37.243 409.487
 16.216  37.026 410.140
 16.316  36.811 410.785
 16.416  36.598 411.423
 16.517  36.387 412.052
 16.617  36.178 412.674
 16.717  35.972 413.289
 16.817  35.767 413.896
 16.917  35.564 414.496
 17.017  35.363 415.089
 17.117  35.163 415.675
 17.217  34.966 416.254
 17.317  34.771 416.826
 17.417  34.577 417.392
 17.518  34.385 417.951
 17.618  34.195 418.503
 17.718  34.007 419.049
 17.818  33.820 419.588
 17.918  33.635 420.122
 18.018  33.452 420.649
 18.118  33.270 421.170
 18.218  33.090 421.685
 18.318  32.912 422.194
 18.418  32.736 422.698
 18.519  32.561 423.196
 18.619  32.387 423.688
 18.719  32.216 424.174
 18.819  32.045 424.655
 18.919  31.877 425.131
 19.019  31.709 425.601
 19.119  31.544 426.067
 19.219  31.379 426.527
 19.319  31.217 426.982
 19.419  31.055 427.432
 19.520  30.896 427.876
 19.620  30.737 428.317
 19.720  30.580 428.752
 19.820  30.424 429.183
 19.920  30.270 429.608
 20.020  30.117 430.030
 20.120  29.966 430.447
 20.220  29.815 430.859
 20.320  29.667 431.267
 20.420  29.519 431.671
 20.521  29.373 432.070
 20.621  29.227 432.465
 20.721  29.084 432.856
 20.821  28.941 433.243
 20.921  28.800 433.626
 21.021  28.660 434.005
 21.121  28.521 434.380
 21.221  28.383 434.751
 21.321  28.246 435.118
 21.421  28.111 435.482
 21.522  27.976 435.842
 21.622  27.843 436.198
 21.722  27.711 436.550
 21.822  27.580 436.899
 21.922  27.451 437.245
 22.022  27.322 437.587
 22.122  27.194 437.925
 22.222  27.068 438.261
 22.322  26.942 438.593
 22.422  26.818 438.921
 22.523  26.694 439.247
 22.623  26.572 439.569
 22.723  26.450 439.888
 22.823  26.330 440.204
 22.923  26.210 440.517
 23.023  26.092 440.827
 23.123  25.974 441.134
 23.223  25.857 441.438
 23.323  25.742 441.739
 23.423  25.627 442.037
 23.524  25.513 442.333
 23.624  25.400 442.625
 23.724  25.288 442.915
 23.824  25.177 443.203
 23.924  25.067 443.487
 24.024  24.958 443.769
 24.124  24.849 444.048
 24.224  24.742 444.325
 24.324  24.635 444.599
 24.424  24.529 444.871
 24.525  24.424 445.140
 24.625  24.319 445.406
 24.725  24.216 445.671
 24.825  24.113 445.933
 24.925  24.011 446.192
 25.025  23.910 446.450
 25.125  23.810 446.704
 25.225  23.710 446.957
 25.325  23.611 447.208
 25.425  23.513 447.456
 25.526  23.416 447.702
 25.626  23.319 447.946
 25.726  23.223 448.188
 25.826  23.128 448.427
 25.926  23.034 448.665
 26.026  22.940 448.900
 26.126  22.847 449.134
 26.226  22.755 449.365
 26.326  22.663 449.595
 26.426  22.572 449.823
 26.527  22.482 450.048
 26.627  22.392 450.272
 26.727  22.303 450.494
 26.827  22.215 450.714
 26.927  22.127 450.932
 27.027  22.040 451.148
 27.127  21.954 451.363
 27.227  21.868 451.576
 27.327  21.783 451.787
 27.427  21.698 451.996
 27.528  21.614 452.204
 27.628  21.531 452.410
 27.728  21.448 452.614
 27.828  21.366 452.816
 27.928  21.285 453.017
 28.028  21.204 453.217
 28.128  21.123 453.414
 28.228  21.043 453.611
 28.328  20.964 453.805
 28.428  20.885 453.998
 28.529  20.807 454.190
 28.629  20.729 454.380
 28.729  20.652 454.568
 28.829  20.576 454.755
 28.929  20.500 454.941
 29.029  20.424 455.125
 29.129  20.349 455.308
 29.229  20.274 455.489
 29.329  20.200 455.669
 29.429  20.127 455.848
 29.530  20.054 456.025
 29.630  19.981 456.201
 29.730  19.909 456.375
 29.830  19.838 456.549
 29.930  19.767 456.721
 30.030  19.696 456.891
 30.130  19.626 457.060
 30.230  19.557 457.229
 30.330  19.487 457.395
 30.430  19.419 457.561
 30.531  19.350 457.725
 30.631  19.283 457.888
 30.731  19.215 458.050
 30.831  19.148 458.211
 30.931  19.082 458.371
 31.031  19.016 458.529
 31.131  18.950 458.686
 31.231  18.885 458.843
 31.331  18.820 458.998
 31.431  18.756 459.152
 31.532  18.692 459.304
 31.632  18.628 459.456
 31.732  18.565 459.607
 31.832  18.502 459.756
 31.932  18.440 459.905
 32.032  18.378 460.052
 32.132  18.317 460.199
 32.232  18.255 460.344
 32.332  18.195 460.489
 32.432  18.134 460.632
 32.533  18.074 460.775
 32.633  18.014 460.916
 32.733  17.955 461.056
 32.833  17.896 461.196
 32.933  17.838 461.335
 33.033  17.780 461.472
 33.133  17.722 461.609
 33.233  17.664 461.745
 33.333  17.607 461.879
 33.433  17.550 462.013
 33.534  17.494 462.146
 33.634  17.438 462.278
 33.734  17.382 462.410
 33.834  17.327 462.540
 33.934  17.272 462.670
 34.034  17.217 462.798
 34.134  17.163 462.926
 34.234  17.108 463.053
 34.334  17.055 463.179
 34.434  17.001 463.304
 34.535  16.948 463.429
 34.635  16.895 463.553
 34.735  16.843 463.675
 34.835  16.791 463.798
 34.935  16.739 463.919
 35.035  16.687 464.039
 35.135  16.636 464.159
 35.235  16.585 464.278
 35.335  16.534 464.396
 35.435  16.484 464.514
 35.536  16.434 464.631
 35.636  16.384 464.747
 35.736  16.334 464.862
 35.836  16.285 464.976
 35.936  16.236 465.090
 36.036  16.188 465.203
 36.136  16.139 465.316
 36.236  16.091 465.427
 36.336  16.043 465.538
 36.436  15.996 465.649
 36.537  15.948 465.758
 36.637  15.901 465.867
 36.737  15.854 465.976
 36.837  15.808 466.083
 36.937  15.762 466.190
 37.037  15.716 466.297
 37.137  15.670 466.403
 37.237  15.624 466.508
 37.337  15.579 466.612
 37.437  15.534 466.716
 37.538  15.489 466.819
 37.638  15.445 466.922
 37.738  15.401 467.024
 37.838  15.357 467.125
 37.938  15.313 467.226
 38.038  15.269 467.326
 38.138  15.226 467.426
 38.238  15.183 467.525
 38.338  15.140 467.623
 38.438  15.098 467.721
 38.539  15.055 467.818
 38.639  15.013 467.915
 38.739  14.971 468.011
 38.839  14.930 468.107
 38.939  14.888 468.202
 39.039  14.847 468.296
 39.139  14.806 468.390
 39.239  14.765 468.484
 39.339  14.724 468.576
 39.439  14.684 468.669
 39.540  14.644 468.761
 39.640  14.604 468.852
 39.740  14.564 468.943
 39.840  14.525 469.033
 39.940  14.485 469.123
 40.040  14.446 469.212
 40.140  14.407 469.301
 40.240  14.368 469.389
 40.340  14.330 469.477
 40.440  14.291 469.564
 40.541  14.253 469.651
 40.641  14.215 469.738
 40.741  14.178 469.823
 40.841  14.140 469.909
 40.941  14.103 469.994
 41.041  14.066 470.078
 41.141  14.029 470.162
 41.241  13.992 470.246
 41.341  13.955 470.329
 41.441  13.919 470.412
 41.542  13.882 470.494
 41.642  13.846 470.576
 41.742  13.810 470.657
 41.842  13.775 470.738
 41.942  13.739 470.818
 42.042  13.704 470.899
 42.142  13.669 470.978
 42.242  13.634 471.057
 42.342  13.599 471.136
 42.442  13.564 471.215
 42.543  13.530 471.293
 42.643  13.495 471.370
 42.743  13.461 471.447
 42.843  13.427 471.524
 42.943  13.393 471.600
 43.043  13.360 471.676
 43.143  13.326 471.752
 43.243  13.293 471.827
 43.343  13.260 471.902
 43.443  13.227 471.976
 43.544  13.194 472.050
 43.644  13.161 472.124
 43.744  13.128 472.197
 43.844  13.096 472.270
 43.944  13.064 472.342
 44.044  13.032 472.415
 44.144  13.000 472.486
 44.244  12.968 472.558
 44.344  12.936 472.629
 44.444  12.905 472.700
 44.545  12.874 472.770
 44.645  12.842 472.840
 44.745  12.811 472.910
 44.845  12.780 472.979
 44.945  12.750 473.048
 45.045  12.719 473.117
 45.145  12.689 473.185
 45.245  12.658 473.253
 45.345  12.628 473.320
 45.445  12.598 473.388
 45.546  12.568 473.455
 45.646  12.538 473.521
 45.746  12.509 473.588
 45.846  12.479 473.654
 45.946  12.450 473.719
 46.046  12.420 473.785
 46.146  12.391 473.850
 46.246  12.362 473.914
 46.346  12.334 473.979
 46.446  12.305 474.043
 46.547  12.276 474.107
 46.647  12.248 474.170
 46.747  12.219 474.233
 46.847  12.191 474.296
 46.947  12.163 474.359
 47.047  12.135 474.421
 47.147  12.107 474.483
 47.247  12.080 474.545
 47.347  12.052 474.606
 47.447  12.025 474.667
 47.548  11.997 474.728
 47.648  11.970 474.789
 47.748  11.943 474.849
 47.848  11.916 474.909
 47.948  11.889 474.969
 48.048  11.862 475.028
 48.148  11.836 475.087
 48.248  11.809 475.146
 48.348  11.783 475.205
 48.448  11.757 475.263
 48.549  11.730 475.321
 48.649  11.704 475.379
 48.749  11.678 475.437
 48.849  11.652 475.494
 48.949  11.627 475.551
 49.049  11.601 475.608
 49.149  11.576 475.664
 49.249  11.550 475.721
 49.349  11.525 475.777
 49.449  11.500 475.832
 49.550  11.475 475.888
 49.650  11.450 475.943
 49.750  11.425 475.998
 49.850  11.400 476.053
 49.950  11.375 476.107
 50.050  11.351 476.162
 50.150  11.326 476.216
 50.250  11.302 476.270
 50.350  11.278 476.323
 50.450  11.254 476.376
 50.551  11.230 476.430
 50.651  11.206 476.482
 50.751  11.182 476.535
 50.851  11.158 476.588
 50.951  11.134 476.640
 51.051  11.111 476.692
 51.151  11.087 476.743
 51.251  11.064 476.795
 51.351  11.041 476.846
 51.451  11.018 476.897
 51.552  10.995 476.948
 51.652  10.972 476.999
 51.752  10.949 477.049
 51.852  10.926 477.099
 51.952  10.903 477.149
 52.052  10.881 477.199
 52.152  10.858 477.249
 52.252  10.836 477.298
 52.352  10.813 477.347
 52.452  10.791 477.396
 52.553  10.769 477.445
 52.653  10.747 477.493
 52.753  10.725 477.542
 52.853  10.703 477.590
 52.953  10.681 477.638
 53.053  10.659 477.685
 53.153  10.638 477.733
 53.253  10.616 477.780
 53.353  10.595 477.827
 53.453  10.573 477.874
 53.554  10.552 477.921
 53.654  10.531 477.968
 53.754  10.510 478.014
 53.854  10.489 478.060
 53.954  10.468 478.106
 54.054  10.447 478.152
 54.154  10.426 478.198
 54.254  10.405 478.243
 54.354  10.385 478.288
 54.454  10.364 478.333
 54.555  10.343 478.378
 54.655  10.323 478.423
 54.755  10.303 478.467
 54.855  10.282 478.512
 54.955  10.262 478.556
 55.055  10.242 478.600
 55.155  10.222 478.644
 55.255  10.202 478.687
 55.355  10.182 478.731
 55.455  10.163 478.774
 55.556  10.143 478.817
 55.656  10.123 478.860
 55.756  10.104 478.903
 55.856  10.084 478.945
 55.956  10.065 478.988
 56.056  10.045 479.030
 56.156  10.026 479.072
 56.256  10.007 479.114
 56.356   9.988 479.156
 56.456   9.969 479.197
 56.557   9.950 479.239
 56.657   9.931 479.280
 56.757   9.912 479.321
 56.857   9.893 479.362
 56.957   9.874 479.403
 57.057   9.856 479.443
 57.157   9.837 479.484
 57.257   9.819 479.524
 57.357   9.800 479.564
 57.457   9.782 479.604
 57.558   9.763 479.644
 57.658   9.745 479.684
 57.758   9.727 479.724
 57.858   9.709 479.763
 57.958   9.691 479.802
 58.058   9.673 479.841
 58.158   9.655 479.880
 58.258   9.637 479.919
 58.358   9.619 479.958
 58.458   9.602 479.996
 58.559   9.584 480.035
 58.659   9.566 480.073
 58.759   9.549 480.111
 58.859   9.531 480.149
 58.959   9.514 480.187
 59.059   9.497 480.225
 59.159   9.479 480.262
 59.259   9.462 480.299
 59.359   9.445 480.337
 59.459   9.428 480.374
 59.560   9.411 480.411
 59.660   9.394 480.448
 59.760   9.377 480.484
 59.860   9.360 480.521
 59.960   9.343 480.557
 60.060   9.327 480.594
 60.160   9.310 480.630
 60.260   9.293 480.666
 60.360   9.277 480.702
 60.460   9.260 480.738
 60.561   9.244 480.773
 60.661   9.227 480.809
 60.761   9.211 480.844
 60.861   9.195 480.879
 60.961   9.179 480.914
 61.061   9.162 480.949
 61.161   9.146 480.984
 61.261   9.130 481.019
 61.361   9.114 481.054
 61.461   9.098 481.088
 61.562   9.082 481.123
 61.662   9.066 481.157
 61.762   9.051 481.191
 61.862   9.035 481.225
 61.962   9.019 481.259
 62.062   9.004 481.293
 62.162   8.988 481.326
 62.262   8.973 481.360
 62.362   8.957 481.393
 62.462   8.942 481.427
 62.563   8.926 481.460
 62.663   8.911 481.493
 62.763   8.896 481.526
 62.863   8.881 481.559
 62.963   8.865 481.591
 63.063   8.850 481.624
 63.163   8.835 481.657
 63.263   8.820 481.689
 63.363   8.805 481.721
 63.463   8.790 481.753
 63.564   8.775 481.785
 63.664   8.761 481.817
 63.764   8.746 481.849
 63.864   8.731 481.881
 63.964   8.717 481.913
 64.064   8.702 481.944
 64.164   8.687 481.976
 64.264   8.673 482.007
 64.364   8.658 482.038
 64.464   8.644 482.069
 64.565   8.630 482.100
 64.665   8.615 482.131
 64.765   8.601 482.162
 64.865   8.587 482.192
 64.965   8.573 482.223
 65.065   8.558 482.253
 65.165   8.544 482.284
 65.265   8.530 482.314
 65.365   8.516 482.344
 65.465   8.502 482.374
 65.566   8.488 482.404
 65.666   8.474 482.434
 65.766   8.461 482.464
 65.866   8.447 482.493
 65.966   8.433 482.523
 66.066   8.419 482.552
 66.166   8.406 482.582
 66.266   8.392 482.611
 66.366   8.379 482.640
 66.466   8.365 482.669
 66.567   8.352 482.698
 66.667   8.338 482.727
 66.767   8.325 482.756
 66.867   8.311 482.785
 66.967   8.298 482.813
 67.067   8.285 482.842
 67.167   8.272 482.870
 67.267   8.258 482.898
 67.367   8.245 482.927
 67.467   8.232 482.955
 67.568   8.219 482.983
 67.668   8.206 483.011
 67.768   8.193 483.039
 67.868   8.180 483.066
 67.968   8.167 483.094
 68.068   8.154 483.122
 68.168   8.141 483.149
 68.268   8.129 483.177
 68.368   8.116 483.204
 68.468   8.103 483.231
 68.569   8.091 483.258
 68.669   8.078 483.285
 68.769   8.065 483.312
 68.869   8.053 483.339
 68.969   8.040 483.366
 69.069   8.028 483.393
 69.169   8.015 483.420
 69.269   8.003 483.446
 69.369   7.991 483.473
 69.469   7.978 483.499
 69.570   7.966 483.525
 69.670   7.954 483.552
 69.770   7.941 483.578
 69.870   7.929 483.604
 69.970   7.917 483.630
 70.070   7.905 483.656
 70.170   7.893 483.681
 70.270   7.881 483.707
 70.370   7.869 483.733
 70.470   7.857 483.758
 70.571   7.845 483.784
 70.671   7.833 483.809
 70.771   7.821 483.835
 70.871   7.809 483.860
 70.971   7.798 483.885
 71.071   7.786 483.910
 71.171   7.774 483.935
 71.271   7.763 483.960
 71.371   7.751 483.985
 71.471   7.739 484.010
 71.572   7.728 484.035
 71.672   7.716 484.059
 71.772   7.705 484.084
 71.872   7.693 484.109
 71.972   7.682 484.133
 72.072   7.670 484.157
 72.172   7.659 484.182
 72.272   7.648 484.206
 72.372   7.636 484.230
 72.472   7.625 484.254
 72.573   7.614 484.278
 72.673   7.603 484.302
 72.773   7.591 484.326
 72.873   7.580 484.350
 72.973   7.569 484.373
 73.073   7.558 484.397
 73.173   7.547 484.421
 73.273   7.536 484.444
 73.373   7.525 484.468
 73.473   7.514 484.491
 73.574   7.503 484.514
 73.674   7.492 484.537
 73.774   7.481 484.561
 73.874   7.470 484.584
 73.974   7.460 484.607
 74.074   7.449 484.630
 74.174   7.438 484.653
 74.274   7.427 484.675
 74.374   7.417 484.698
 74.474   7.406 484.721
 74.575   7.396 484.743
 74.675   7.385 484.766
 74.775   7.374 484.788
 74.875   7.364 484.811
 74.975   7.353 484.833
 75.075   7.343 484.856
 75.175   7.332 484.878
 75.275   7.322 484.900
 75.375   7.312 484.922
 75.475   7.301 484.944
 75.576   7.291 484.966
 75.676   7.281 484.988
 75.776   7.270 485.010
 75.876   7.260 485.032
 75.976   7.250 485.053
 76.076   7.240 485.075
 76.176   7.230 485.097
 76.276   7.219 485.118
 76.376   7.209 485.140
 76.476   7.199 485.161
 76.577   7.189 485.182
 76.677   7.179 485.204
 76.777   7.169 485.225
 76.877   7.159 485.246
 76.977   7.149 485.267
 77.077   7.139 485.288
 77.177   7.130 485.309
 77.277   7.120 485.330
 77.377   7.110 485.351
 77.477   7.100 485.372
 77.578   7.090 485.393
 77.678   7.081 485.413
 77.778   7.071 485.434
 77.878   7.061 485.455
 77.978   7.051 485.475
 78.078   7.042 485.496
 78.178   7.032 485.516
 78.278   7.023 485.536
 78.378   7.013 485.557
 78.478   7.003 485.577
 78.579   6.994 485.597
 78.679   6.984 485.617
 78.779   6.975 485.637
 78.879   6.966 485.657
 78.979   6.956 485.677
 79.079   6.947 485.697
 79.179   6.937 485.717
 79.279   6.928 485.737
 79.379   6.919 485.757
 79.479   6.909 485.776
 79.580   6.900 485.796
 79.680   6.891 485.816
 79.780   6.882 485.835
 79.880   6.873 485.855
 79.980   6.863 485.874
 80.080   6.854 485.894
 80.180   6.845 485.913
 80.280   6.836 485.932
 80.380   6.827 485.951
 80.480   6.818 485.971
 80.581   6.809 485.990
 80.681   6.800 486.009
 80.781   6.791 486.028
 80.881   6.782 486.047
 80.981   6.773 486.066
 81.081   6.764 486.085
 81.181   6.755 486.103
 81.281   6.746 486.122
 81.381   6.738 486.141
 81.481   6.729 486.160
 81.582   6.720 486.178
 81.682   6.711 486.197
 81.782   6.702 486.215
 81.882   6.694 486.234
 81.982   6.685 486.252
 82.082   6.676 486.270
 82.182   6.668 486.289
 82.282   6.659 486.307
 82.382   6.650 486.325
 82.482   6.642 486.344
 82.583   6.633 486.362
 82.683   6.625 486.380
 82.783   6.616 486.398
 82.883   6.608 486.416
 82.983   6.599 486.434
 83.083   6.591 486.452
 83.183   6.582 486.469
 83.283   6.574 486.487
 83.383   6.565 486.505
 83.483   6.557 486.523
 83.584   6.549 486.540
 83.684   6.540 486.558
 83.784   6.532 486.576
 83.884   6.524 486.593
 83.984   6.515 486.611
 84.084   6.507 486.628
 84.184   6.499 486.645
 84.284   6.491 486.663
 84.384   6.483 486.680
 84.484   6.474 486.697
 84.585   6.466 486.715
 84.685   6.458 486.732
 84.785   6.450 486.749
 84.885   6.442 486.766
 84.985   6.434 486.783
 85.085   6.426 486.800
 85.185   6.418 486.817
 85.285   6.410 486.834
 85.385   6.402 486.851
 85.485   6.394 486.868
 85.586   6.386 486.884
 85.686   6.378 486.901
 85.786   6.370 486.918
 85.886   6.362 486.935
 85.986   6.354 486.951
 86.086   6.346 486.968
 86.186   6.338 486.984
 86.286   6.331 487.001
 86.386   6.323 487.017
 86.486   6.315 487.034
 86.587   6.307 487.050
 86.687   6.300 487.066
 86.787   6.292 487.083
 86.887   6.284 487.099
 86.987   6.276 487.115
 87.087   6.269 487.131
 87.187   6.261 487.147
 87.287   6.253 487.164
 87.387   6.246 487.180
 87.487   6.238 487.196
 87.588   6.231 487.212
 87.688   6.223 487.227
 87.788   6.216 487.243
 87.888   6.208 487.259
 87.988   6.201 487.275
 88.088   6.193 487.291
 88.188   6.186 487.307
 88.288   6.178 487.322
 88.388   6.171 487.338
 88.488   6.163 487.354
 88.589   6.156 487.369
 88.689   6.149 487.385
 88.789   6.141 487.400
 88.889   6.134 487.416
 88.989   6.126 487.431
 89.089   6.119 487.446
 89.189   6.112 487.462
 89.289   6.105 487.477
 89.389   6.097 487.492
 89.489   6.090 487.508
 89.590   6.083 487.523
 89.690   6.076 487.538
 89.790   6.068 487.553
 89.890   6.061 487.568
 89.990   6.054 487.583
 90.090   6.047 487.598
 90.190   6.040 487.613
 90.290   6.033 487.628
 90.390   6.026 487.643
 90.490   6.019 487.658
 90.591   6.012 487.673
 90.691   6.004 487.688
 90.791   5.997 487.703
 90.891   5.990 487.717
 90.991   5.983 487.732
 91.091   5.976 487.747
 91.191   5.969 487.761
 91.291   5.963 487.776
 91.391   5.956 487.791
 91.491   5.949 487.805
 91.592   5.942 487.820
 91.692   5.935 487.834
 91.792   5.928 487.849
 91.892   5.921 487.863
 91.992   5.914 487.877
 92.092   5.908 487.892
 92.192   5.901 487.906
 92.292   5.894 487.920
 92.392   5.887 487.934
 92.492   5.880 487.949
 92.593   5.874 487.963
 92.693   5.867 487.977
 92.793   5.860 487.991
 92.893   5.854 488.005
 92.993   5.847 488.019
 93.093   5.840 488.033
 93.193   5.834 488.047
 93.293   5.827 488.061
 93.393   5.820 488.075
 93.493   5.814 488.089
 93.594   5.807 488.103
 93.694   5.800 488.117
 93.794   5.794 488.130
 93.894   5.787 488.144
 93.994   5.781 488.158
 94.094   5.774 488.172
 94.194   5.768 488.185
 94.294   5.761 488.199
 94.394   5.755 488.212
 94.494   5.748 488.226
 94.595   5.742 488.240
 94.695   5.735 488.253
 94.795   5.729 488.267
 94.895   5.723 488.280
 94.995   5.716 488.293
 95.095   5.710 488.307
 95.195   5.704 488.320
 95.295   5.697 488.333
 95.395   5.691 488.347
 95.495   5.685 488.360
 95.596   5.678 488.373
 95.696   5.672 488.386
 95.796   5.666 488.400
 95.896   5.659 488.413
 95.996   5.653 488.426
 96.096   5.647 488.439
 96.196   5.641 488.452
 96.296   5.634 488.465
 96.396   5.628 488.478
 96.496   5.622 488.491
 96.597   5.616 488.504
 96.697   5.610 488.517
 96.797   5.604 488.530
 96.897   5.597 488.543
 96.997   5.591 488.555
 97.097   5.585 488.568
 97.197   5.579 488.581
 97.297   5.573 488.594
 97.397   5.567 488.606
 97.497   5.561 488.619
 97.598   5.555 488.632
 97.698   5.549 488.644
 97.798   5.543 488.657
 97.898   5.537 488.670
 97.998   5.531 488.682
 98.098   5.525 488.695
 98.198   5.519 488.707
 98.298   5.513 488.720
 98.398   5.507 488.732
 98.498   5.501 488.744
 98.599   5.495 488.757
 98.699   5.489 488.769
 98.799   5.483 488.781
 98.899   5.478 488.794
 98.999   5.472 488.806
 99.099   5.466 488.818
 99.199   5.460 488.831
 99.299   5.454 488.843
 99.399   5.448 488.855
 99.499   5.443 488.867
 99.600   5.437 488.879
 99.700   5.431 488.891
 99.800   5.425 488.903
 99.900   5.419 488.915
100.000   5.414 488.927
