# ALPHA_1 0.002
# ALPHA_2 0.001
# BETTA_1 0.004
# BETTA_2 0.001
# GAMMA_1 0.500
# GAMMA_2 0.500
# Y0 219.000
# Z0 219.000
# X_BEG 0.000
# X_END 100.000
# XDOTS_NUM 1000
# DX 0.100
  0.000 219.000 219.000
  0.100 206.884 215.888
  0.200 196.379 213.361
  0.300 187.184 211.328
  0.400 179.071 209.714
  0.501 171.859 208.461
  0.601 165.407 207.522
  0.701 159.601 206.857
  0.801 154.348 206.433
  0.901 149.572 206.223
  1.001 145.210 206.204
  1.101 141.211 206.357
  1.201 137.530 206.663
  1.301 134.129 207.108
  1.401 130.978 207.680
  1.502 128.048 208.367
  1.602 125.317 209.159
  1.702 122.763 210.048
  1.802 120.369 211.025
  1.902 118.119 212.084
  2.002 116.000 213.217
  2.102 114.000 214.420
  2.202 112.107 215.687
  2.302 110.313 217.014
  2.402 108.609 218.395
  2.503 106.988 219.828
  2.603 105.442 221.307
  2.703 103.966 222.831
  2.803 102.553 224.395
  2.903 101.200 225.997
  3.003  99.902 227.634
  3.103  98.654 229.303
  3.203  97.453 231.002
  3.303  96.296 232.729
  3.403  95.179 234.481
  3.504  94.100 236.256
  3.604  93.056 238.053
  3.704  92.045 239.870
  3.804  91.064 241.704
  3.904  90.112 243.555
  4.004  89.187 245.420
  4.104  88.288 247.299
  4.204  87.411 249.189
  4.304  86.558 251.089
  4.404  85.725 252.998
  4.505  84.911 254.916
  4.605  84.117 256.839
  4.705  83.340 258.768
  4.805  82.579 260.701
  4.905  81.835 262.637
  5.005  81.105 264.575
  5.105  80.389 266.515
  5.205  79.687 268.454
  5.305  78.998 270.393
  5.405  78.321 272.331
  5.506  77.655 274.265
  5.606  77.001 276.197
  5.706  76.357 278.125
  5.806  75.724 280.048
  5.906  75.100 281.965
  6.006  74.485 283.877
  6.106  73.880 285.782
  6.206  73.283 287.679
  6.306  72.694 289.569
  6.406  72.113 291.450
  6.507  71.540 293.322
  6.607  70.975 295.184
  6.707  70.416 297.037
  6.807  69.865 298.879
  6.907  69.321 300.710
  7.007  68.783 302.530
  7.107  68.251 304.338
  7.207  67.726 306.134
  7.307  67.207 307.918
  7.407  66.693 309.689
  7.508  66.186 311.447
  7.608  65.684 313.192
  7.708  65.187 314.923
  7.808  64.696 316.641
  7.908  64.210 318.344
  8.008  63.730 320.033
  8.108  63.254 321.708
  8.208  62.783 323.369
  8.308  62.317 325.014
  8.408  61.856 326.645
  8.509  61.400 328.260
  8.609  60.948 329.861
  8.709  60.501 331.446
  8.809  60.059 333.016
  8.909  59.621 334.571
  9.009  59.187 336.110
  9.109  58.757 337.634
  9.209  58.332 339.142
  9.309  57.911 340.634
  9.409  57.494 342.111
  9.510  57.081 343.572
  9.610  56.672 345.018
  9.710  56.268 346.448
  9.810  55.867 347.863
  9.910  55.470 349.262
 10.010  55.077 350.646
 10.110  54.687 352.014
 10.210  54.302 353.367
 10.310  53.920 354.704
 10.410  53.542 356.027
 10.511  53.168 357.334
 10.611  52.797 358.626
 10.711  52.430 359.903
 10.811  52.066 361.165
 10.911  51.706 362.412
 11.011  51.349 363.644
 11.111  50.996 364.862
 11.211  50.647 366.066
 11.311  50.300 367.254
 11.411  49.957 368.429
 11.512  49.618 369.589
 11.612  49.281 370.736
 11.712  48.948 371.868
 11.812  48.618 372.987
 11.912  48.291 374.092
 12.012  47.968 375.183
 12.112  47.647 376.261
 12.212  47.330 377.326
 12.312  47.016 378.377
 12.412  46.705 379.416
 12.513  46.397 380.442
 12.613  46.091 381.455
 12.713  45.789 382.455
 12.813  45.490 383.443
 12.913  45.194 384.418
 13.013  44.900 385.382
 13.113  44.609 386.333
 13.213  44.322 387.273
 13.313  44.037 388.201
 13.413  43.754 389.117
 13.514  43.475 390.022
 13.614  43.198 390.915
 13.714  42.924 391.797
 13.814  42.652 392.669
 13.914  42.383 393.529
 14.014  42.117 394.379
 14.114  41.854 395.218
 14.214  41.592 396.046
 14.314  41.334 396.864
 14.414  41.078 397.672
 14.515  40.824 398.470
 14.615  40.573 399.258
 14.715  40.324 400.037
 14.815  40.078 400.805
 14.915  39.834 401.564
 15.015  39.592 402.314
 15.115  39.353 403.055
 15.215  39.116 403.786
 15.315  38.881 404.508
 15.415  38.648 405.222
 15.516  38.418 405.927
 15.616  38.190 406.623
 15.716  37.964 407.310
 15.816  37.740 407.990
 15.916  37.519 408.661
 16.016  37.299 409.323
 16.116  37.082 409.978
 16.216  36.866 410.625
 16.316  36.653 411.264
 16.416  36.442 411.896
 16.517  36.232 412.519
 16.617  36.025 413.136
 16.717  35.819 413.745
 16.817  35.616 414.346
 16.917  35.414 414.941
 17.017  35.215 415.529
 17.117  35.017 416.109
 17.217  34.821 416.683
 17.317  34.627 417.250
 17.417  34.434 417.810
 17.518  34.244 418.364
 17.618  34.055 418.912
 17.718  33.868 419.453
 17.818  33.682 419.988
 17.918  33.499 420.516
 18.018  33.317 421.039
 18.118  33.137 421.555
 18.218  32.958 422.066
 18.318  32.781 422.571
 18.418  32.606 423.070
 18.519  32.432 423.563
 18.619  32.260 424.051
 18.719  32.089 424.534
 18.819  31.920 425.011
 18.919  31.752 425.483
 19.019  31.586 425.949
 19.119  31.422 426.410
 19.219  31.258 426.866
 19.319  31.097 427.318
 19.419  30.937 427.764
 19.520  30.778 428.205
 19.620  30.620 428.642
 19.720  30.464 429.073
 19.820  30.310 429.500
 19.920  30.156 429.923
 20.020  30.004 430.341
 20.120  29.854 430.754
 20.220  29.705 431.163
 20.320  29.557 431.568
 20.420  29.410 431.969
 20.521  29.265 432.365
 20.621  29.120 432.757
 20.721  28.978 433.145
 20.821  28.836 433.529
 20.921  28.695 433.908
 21.021  28.556 434.284
 21.121  28.418 434.657
 21.221  28.281 435.025
 21.321  28.145 435.389
 21.421  28.011 435.750
 21.522  27.877 436.107
 21.622  27.745 436.461
 21.722  27.614 436.810
 21.822  27.484 437.157
 21.922  27.355 437.500
 22.022  27.227 437.839
 22.122  27.100 438.175
 22.222  26.974 438.508
 22.322  26.849 438.838
 22.422  26.726 439.164
 22.523  26.603 439.487
 22.623  26.481 439.807
 22.723  26.360 440.124
 22.823  26.241 440.437
 22.923  26.122 440.748
 23.023  26.004 441.056
 23.123  25.887 441.360
 23.223  25.771 441.662
 23.323  25.656 441.961
 23.423  25.542 442.257
 23.524  25.429 442.551
 23.624  25.317 442.841
 23.724  25.206 443.129
 23.824  25.095 443.414
 23.924  24.986 443.697
 24.024  24.877 443.977
 24.124  24.769 444.254
 24.224  24.662 444.529
 24.324  24.556 444.801
 24.424  24.451 445.071
 24.525  24.346 445.338
 24.625  24.242 445.603
 24.725  24.139 445.866
 24.825  24.037 446.126
 24.925  23.936 446.384
 25.025  23.835 446.639
 25.125  23.736 446.893
 25.225  23.637 447.144
 25.325  23.538 447.392
 25.425  23.441 447.639
 25.526  23.344 447.883
 25.626  23.248 448.126
 25.726  23.153 448.366
 25.826  23.058 448.604
 25.926  22.964 448.840
 26.026  22.871 449.074
 26.126  22.778 449.306
 26.226  22.687 449.536
 26.326  22.595 449.764
 26.426  22.505 449.991
 26.527  22.415 450.215
 26.627  22.326 450.437
 26.727  22.238 450.658
 26.827  22.150 450.876
 26.927  22.063 451.093
 27.027  21.976 451.308
 27.127  21.890 451.521
 27.227  21.805 451.733
 27.327  21.720 451.943
 27.427  21.636 452.151
 27.528  21.552 452.357
 27.628  21.469 452.562
 27.728  21.387 452.765
 27.828  21.305 452.966
 27.928  21.224 453.166
 28.028  21.144 453.364
 28.128  21.064 453.561
 28.228  20.984 453.756
 28.328  20.905 453.949
 28.428  20.827 454.141
 28.529  20.749 454.331
 28.629  20.672 454.520
 28.729  20.595 454.708
 28.829  20.519 454.894
 28.929  20.443 455.078
 29.029  20.368 455.261
 29.129  20.294 455.443
 29.229  20.219 455.623
 29.329  20.146 455.802
 29.429  20.073 455.980
 29.530  20.000 456.156
 29.630  19.928 456.331
 29.730  19.856 456.504
 29.830  19.785 456.677
 29.930  19.714 456.847
 30.030  19.644 457.017
 30.130  19.574 457.186
 30.230  19.505 457.353
 30.330  19.436 457.519
 30.430  19.368 457.683
 30.531  19.300 457.847
 30.631  19.232 458.009
 30.731  19.165 458.170
 30.831  19.099 458.330
 30.931  19.033 458.489
 31.031  18.967 458.646
 31.131  18.902 458.803
 31.231  18.837 458.958
 31.331  18.772 459.112
 31.431  18.708 459.265
 31.532  18.644 459.417
 31.632  18.581 459.568
 31.732  18.518 459.718
 31.832  18.456 459.867
 31.932  18.394 460.015
 32.032  18.332 460.161
 32.132  18.271 460.307
 32.232  18.210 460.452
 32.332  18.150 460.595
 32.432  18.090 460.738
 32.533  18.030 460.880
 32.633  17.970 461.021
 32.733  17.911 461.160
 32.833  17.853 461.299
 32.933  17.794 461.437
 33.033  17.737 461.574
 33.133  17.679 461.710
 33.233  17.622 461.845
 33.333  17.565 461.979
 33.433  17.508 462.112
 33.534  17.452 462.245
 33.634  17.396 462.376
 33.734  17.341 462.507
 33.834  17.286 462.636
 33.934  17.231 462.765
 34.034  17.176 462.893
 34.134  17.122 463.020
 34.234  17.068 463.147
 34.334  17.015 463.272
 34.434  16.962 463.397
 34.535  16.909 463.521
 34.635  16.856 463.644
 34.735  16.804 463.766
 34.835  16.752 463.888
 34.935  16.700 464.009
 35.035  16.649 464.128
 35.135  16.598 464.248
 35.235  16.547 464.366
 35.335  16.497 464.484
 35.435  16.447 464.601
 35.536  16.397 464.717
 35.636  16.347 464.832
 35.736  16.298 464.947
 35.836  16.249 465.061
 35.936  16.200 465.174
 36.036  16.152 465.287
 36.136  16.103 465.399
 36.236  16.055 465.510
 36.336  16.008 465.621
 36.436  15.960 465.730
 36.537  15.913 465.840
 36.637  15.866 465.948
 36.737  15.820 466.056
 36.837  15.774 466.163
 36.937  15.727 466.270
 37.037  15.682 466.375
 37.137  15.636 466.481
 37.237  15.591 466.585
 37.337  15.546 466.689
 37.437  15.501 466.793
 37.538  15.456 466.895
 37.638  15.412 466.998
 37.738  15.368 467.099
 37.838  15.324 467.200
 37.938  15.281 467.300
 38.038  15.237 467.400
 38.138  15.194 467.499
 38.238  15.151 467.598
 38.338  15.109 467.696
 38.438  15.066 467.793
 38.539  15.024 467.890
 38.639  14.982 467.986
 38.739  14.940 468.082
 38.839  14.899 468.177
 38.939  14.857 468.272
 39.039  14.816 468.366
 39.139  14.775 468.460
 39.239  14.735 468.553
 39.339  14.694 468.645
 39.439  14.654 468.737
 39.540  14.614 468.829
 39.640  14.574 468.920
 39.740  14.535 469.010
 39.840  14.495 469.100
 39.940  14.456 469.189
 40.040  14.417 469.278
 40.140  14.378 469.367
 40.240  14.340 469.455
 40.340  14.301 469.542
 40.440  14.263 469.629
 40.541  14.225 469.716
 40.641  14.187 469.802
 40.741  14.150 469.887
 40.841  14.112 469.972
 40.941  14.075 470.057
 41.041  14.038 470.141
 41.141  14.001 470.225
 41.241  13.964 470.308
 41.341  13.928 470.391
 41.441  13.892 470.473
 41.542  13.856 470.555
 41.642  13.820 470.636
 41.742  13.784 470.717
 41.842  13.748 470.798
 41.942  13.713 470.878
 42.042  13.678 470.958
 42.142  13.643 471.037
 42.242  13.608 471.116
 42.342  13.573 471.194
 42.442  13.538 471.273
 42.543  13.504 471.350
 42.643  13.470 471.427
 42.743  13.436 471.504
 42.843  13.402 471.581
 42.943  13.368 471.657
 43.043  13.335 471.732
 43.143  13.301 471.808
 43.243  13.268 471.883
 43.343  13.235 471.957
 43.443  13.202 472.031
 43.544  13.169 472.105
 43.644  13.137 472.178
 43.744  13.104 472.251
 43.844  13.072 472.324
 43.944  13.040 472.396
 44.044  13.008 472.468
 44.144  12.976 472.540
 44.244  12.944 472.611
 44.344  12.913 472.682
 44.444  12.882 472.752
 44.545  12.850 472.822
 44.645  12.819 472.892
 44.745  12.788 472.961
 44.845  12.758 473.030
 44.945  12.727 473.099
 45.045  12.696 473.167
 45.145  12.666 473.235
 45.245  12.636 473.303
 45.345  12.606 473.370
 45.445  12.576 473.437
 45.546  12.546 473.504
 45.646  12.516 473.571
 45.746  12.487 473.637
 45.846  12.457 473.702
 45.946  12.428 473.768
 46.046  12.399 473.833
 46.146  12.370 473.898
 46.246  12.341 473.962
 46.346  12.312 474.026
 46.446  12.284 474.090
 46.547  12.255 474.154
 46.647  12.227 474.217
 46.747  12.198 474.280
 46.847  12.170 474.343
 46.947  12.142 474.405
 47.047  12.114 474.467
 47.147  12.087 474.529
 47.247  12.059 474.590
 47.347  12.032 474.652
 47.447  12.004 474.713
 47.548  11.977 474.773
 47.648  11.950 474.834
 47.748  11.923 474.894
 47.848  11.896 474.953
 47.948  11.869 475.013
 48.048  11.843 475.072
 48.148  11.816 475.131
 48.248  11.790 475.190
 48.348  11.763 475.248
 48.448  11.737 475.306
 48.549  11.711 475.364
 48.649  11.685 475.422
 48.749  11.659 475.479
 48.849  11.633 475.536
 48.949  11.608 475.593
 49.049  11.582 475.650
 49.149  11.557 475.706
 49.249  11.531 475.762
 49.349  11.506 475.818
 49.449  11.481 475.874
 49.550  11.456 475.929
 49.650  11.431 475.984
 49.750  11.406 476.039
 49.850  11.382 476.093
 49.950  11.357 476.148
 50.050  11.333 476.202
 50.150  11.308 476.256
 50.250  11.284 476.309
 50.350  11.260 476.363
 50.450  11.236 476.416
 50.551  11.212 476.469
 50.651  11.188 476.522
 50.751  11.164 476.574
 50.851  11.140 476.626
 50.951  11.117 476.678
 51.051  11.093 476.730
 51.151  11.070 476.782
 51.251  11.047 476.833
 51.351  11.024 476.884
 51.451  11.000 476.935
 51.552  10.977 476.986
 51.652  10.955 477.036
 51.752  10.932 477.087
 51.852  10.909 477.137
 51.952  10.886 477.186
 52.052  10.864 477.236
 52.152  10.841 477.285
 52.252  10.819 477.335
 52.352  10.797 477.384
 52.452  10.775 477.432
 52.553  10.752 477.481
 52.653  10.730 477.529
 52.753  10.708 477.578
 52.853  10.687 477.625
 52.953  10.665 477.673
 53.053  10.643 477.721
 53.153  10.622 477.768
 53.253  10.600 477.815
 53.353  10.579 477.862
 53.453  10.557 477.909
 53.554  10.536 477.956
 53.654  10.515 478.002
 53.754  10.494 478.048
 53.854  10.473 478.094
 53.954  10.452 478.140
 54.054  10.431 478.186
 54.154  10.410 478.231
 54.254  10.390 478.277
 54.354  10.369 478.322
 54.454  10.349 478.367
 54.555  10.328 478.411
 54.655  10.308 478.456
 54.755  10.288 478.500
 54.855  10.267 478.544
 54.955  10.247 478.588
 55.055  10.227 478.632
 55.155  10.207 478.676
 55.255  10.187 478.719
 55.355  10.168 478.763
 55.455  10.148 478.806
 55.556  10.128 478.849
 55.656  10.109 478.892
 55.756  10.089 478.934
 55.856  10.070 478.977
 55.956  10.050 479.019
 56.056  10.031 479.061
 56.156  10.012 479.103
 56.256   9.993 479.145
 56.356   9.973 479.187
 56.456   9.954 479.228
 56.557   9.936 479.269
 56.657   9.917 479.311
 56.757   9.898 479.352
 56.857   9.879 479.392
 56.957   9.860 479.433
 57.057   9.842 479.474
 57.157   9.823 479.514
 57.257   9.805 479.554
 57.357   9.786 479.594
 57.457   9.768 479.634
 57.558   9.750 479.674
 57.658   9.732 479.713
 57.758   9.714 479.753
 57.858   9.696 479.792
 57.958   9.678 479.831
 58.058   9.660 479.870
 58.158   9.642 479.909
 58.258   9.624 479.948
 58.358   9.606 479.987
 58.458   9.589 480.025
 58.559   9.571 480.063
 58.659   9.553 480.101
 58.759   9.536 480.139
 58.859   9.518 480.177
 58.959   9.501 480.215
 59.059   9.484 480.252
 59.159   9.467 480.290
 59.259   9.449 480.327
 59.359   9.432 480.364
 59.459   9.415 480.401
 59.560   9.398 480.438
 59.660   9.381 480.475
 59.760   9.364 480.512
 59.860   9.348 480.548
 59.960   9.331 480.584
 60.060   9.314 480.621
 60.160   9.298 480.657
 60.260   9.281 480.693
 60.360   9.264 480.728
 60.460   9.248 480.764
 60.561   9.232 480.800
 60.661   9.215 480.835
 60.761   9.199 480.870
 60.861   9.183 480.905
 60.961   9.166 480.940
 61.061   9.150 480.975
 61.161   9.134 481.010
 61.261   9.118 481.045
 61.361   9.102 481.079
 61.461   9.086 481.114
 61.562   9.071 481.148
 61.662   9.055 481.182
 61.762   9.039 481.216
 61.862   9.023 481.250
 61.962   9.008 481.284
 62.062   8.992 481.318
 62.162   8.977 481.351
 62.262   8.961 481.385
 62.362   8.946 481.418
 62.462   8.930 481.451
 62.563   8.915 481.484
 62.663   8.900 481.517
 62.763   8.884 481.550
 62.863   8.869 481.583
 62.963   8.854 481.616
 63.063   8.839 481.648
 63.163   8.824 481.681
 63.263   8.809 481.713
 63.363   8.794 481.745
 63.463   8.779 481.777
 63.564   8.764 481.809
 63.664   8.750 481.841
 63.764   8.735 481.873
 63.864   8.720 481.904
 63.964   8.706 481.936
 64.064   8.691 481.967
 64.164   8.677 481.999
 64.264   8.662 482.030
 64.364   8.648 482.061
 64.464   8.633 482.092
 64.565   8.619 482.123
 64.665   8.605 482.154
 64.765   8.590 482.184
 64.865   8.576 482.215
 64.965   8.562 482.246
 65.065   8.548 482.276
 65.165   8.534 482.306
 65.265   8.520 482.336
 65.365   8.506 482.366
 65.465   8.492 482.396
 65.566   8.478 482.426
 65.666   8.464 482.456
 65.766   8.450 482.486
 65.866   8.437 482.515
 65.966   8.423 482.545
 66.066   8.409 482.574
 66.166   8.396 482.604
 66.266   8.382 482.633
 66.366   8.368 482.662
 66.466   8.355 482.691
 66.567   8.342 482.720
 66.667   8.328 482.749
 66.767   8.315 482.777
 66.867   8.301 482.806
 66.967   8.288 482.834
 67.067   8.275 482.863
 67.167   8.262 482.891
 67.267   8.249 482.919
 67.367   8.235 482.948
 67.467   8.222 482.976
 67.568   8.209 483.004
 67.668   8.196 483.032
 67.768   8.183 483.059
 67.868   8.170 483.087
 67.968   8.158 483.115
 68.068   8.145 483.142
 68.168   8.132 483.170
 68.268   8.119 483.197
 68.368   8.106 483.224
 68.468   8.094 483.251
 68.569   8.081 483.279
 68.669   8.069 483.306
 68.769   8.056 483.332
 68.869   8.043 483.359
 68.969   8.031 483.386
 69.069   8.018 483.413
 69.169   8.006 483.439
 69.269   7.994 483.466
 69.369   7.981 483.492
 69.469   7.969 483.519
 69.570   7.957 483.545
 69.670   7.945 483.571
 69.770   7.932 483.597
 69.870   7.920 483.623
 69.970   7.908 483.649
 70.070   7.896 483.675
 70.170   7.884 483.701
 70.270   7.872 483.726
 70.370   7.860 483.752
 70.470   7.848 483.777
 70.571   7.836 483.803
 70.671   7.824 483.828
 70.771   7.813 483.854
 70.871   7.801 483.879
 70.971   7.789 483.904
 71.071   7.777 483.929
 71.171   7.766 483.954
 71.271   7.754 483.979
 71.371   7.742 484.004
 71.471   7.731 484.028
 71.572   7.719 484.053
 71.672   7.708 484.078
 71.772   7.696 484.102
 71.872   7.685 484.127
 71.972   7.673 484.151
 72.072   7.662 484.175
 72.172   7.651 484.200
 72.272   7.639 484.224
 72.372   7.628 484.248
 72.472   7.617 484.272
 72.573   7.605 484.296
 72.673   7.594 484.320
 72.773   7.583 484.344
 72.873   7.572 484.367
 72.973   7.561 484.391
 73.073   7.550 484.415
 73.173   7.539 484.438
 73.273   7.528 484.462
 73.373   7.517 484.485
 73.473   7.506 484.508
 73.574   7.495 484.531
 73.674   7.484 484.555
 73.774   7.473 484.578
 73.874   7.462 484.601
 73.974   7.452 484.624
 74.074   7.441 484.647
 74.174   7.430 484.670
 74.274   7.420 484.692
 74.374   7.409 484.715
 74.474   7.398 484.738
 74.575   7.388 484.760
 74.675   7.377 484.783
 74.775   7.367 484.805
 74.875   7.356 484.828
 74.975   7.346 484.850
 75.075   7.335 484.872
 75.175   7.325 484.894
 75.275   7.314 484.916
 75.375   7.304 484.938
 75.475   7.294 484.960
 75.576   7.283 484.982
 75.676   7.273 485.004
 75.776   7.263 485.026
 75.876   7.253 485.048
 75.976   7.242 485.069
 76.076   7.232 485.091
 76.176   7.222 485.113
 76.276   7.212 485.134
 76.376   7.202 485.156
 76.476   7.192 485.177
 76.577   7.182 485.198
 76.677   7.172 485.220
 76.777   7.162 485.241
 76.877   7.152 485.262
 76.977   7.142 485.283
 77.077   7.132 485.304
 77.177   7.122 485.325
 77.277   7.112 485.346
 77.377   7.103 485.367
 77.477   7.093 485.387
 77.578   7.083 485.408
 77.678   7.073 485.429
 77.778   7.064 485.449
 77.878   7.054 485.470
 77.978   7.044 485.490
 78.078   7.035 485.511
 78.178   7.025 485.531
 78.278   7.015 485.552
 78.378   7.006 485.572
 78.478   6.996 485.592
 78.579   6.987 485.612
 78.679   6.977 485.632
 78.779   6.968 485.652
 78.879   6.959 485.672
 78.979   6.949 485.692
 79.079   6.940 485.712
 79.179   6.930 485.732
 79.279   6.921 485.752
 79.379   6.912 485.771
 79.479   6.903 485.791
 79.580   6.893 485.811
 79.680   6.884 485.830
 79.780   6.875 485.850
 79.880   6.866 485.869
 79.980   6.857 485.889
 80.080   6.847 485.908
 80.180   6.838 485.927
 80.280   6.829 485.946
 80.380   6.820 485.966
 80.480   6.811 485.985
 80.581   6.802 486.004
 80.681   6.793 486.023
 80.781   6.784 486.042
 80.881   6.775 486.061
 80.981   6.766 486.080
 81.081   6.757 486.099
 81.181   6.749 486.117
 81.281   6.740 486.136
 81.381   6.731 486.155
 81.481   6.722 486.173
 81.582   6.713 486.192
 81.682   6.705 486.210
 81.782   6.696 486.229
 81.882   6.687 486.247
 81.982   6.678 486.266
 82.082   6.670 486.284
 82.182   6.661 486.302
 82.282   6.653 486.321
 82.382   6.644 486.339
 82.482   6.635 486.357
 82.583   6.627 486.375
 82.683   6.618 486.393
 82.783   6.610 486.411
 82.883   6.601 486.429
 82.983   6.593 486.447
 83.083   6.584 486.465
 83.183   6.576 486.483
 83.283   6.568 486.500
 83.383   6.559 486.518
 83.483   6.551 486.536
 83.584   6.542 486.554
 83.684   6.534 486.571
 83.784   6.526 486.589
 83.884   6.518 486.606
 83.984   6.509 486.624
 84.084   6.501 486.641
 84.184   6.493 486.658
 84.284   6.485 486.676
 84.384   6.476 486.693
 84.484   6.468 486.710
 84.585   6.460 486.727
 84.685   6.452 486.745
 84.785   6.444 486.762
 84.885   6.436 486.779
 84.985   6.428 486.796
 85.085   6.420 486.813
 85.185   6.412 486.830
 85.285   6.404 486.847
 85.385   6.396 486.863
 85.485   6.388 486.880
 85.586   6.380 486.897
 85.686   6.372 486.914
 85.786   6.364 486.930
 85.886   6.356 486.947
 85.986   6.348 486.964
 86.086   6.340 486.980
 86.186   6.333 486.997
 86.286   6.325 487.013
 86.386   6.317 487.029
 86.486   6.309 487.046
 86.587   6.302 487.062
 86.687   6.294 487.078
 86.787   6.286 487.095
 86.887   6.278 487.111
 86.987   6.271 487.127
 87.087   6.263 487.143
 87.187   6.255 487.159
 87.287   6.248 487.175
 87.387   6.240 487.191
 87.487   6.233 487.207
 87.588   6.225 487.223
 87.688   6.218 487.239
 87.788   6.210 487.255
 87.888   6.202 487.271
 87.988   6.195 487.287
 88.088   6.188 487.303
 88.188   6.180 487.318
 88.288   6.173 487.334
 88.388   6.165 487.350
 88.488   6.158 487.365
 88.589   6.150 487.381
 88.689   6.143 487.396
 88.789   6.136 487.412
 88.889   6.128 487.427
 88.989   6.121 487.443
 89.089   6.114 487.458
 89.189   6.106 487.473
 89.289   6.099 487.489
 89.389   6.092 487.504
 89.489   6.085 487.519
 89.590   6.078 487.534
 89.690   6.070 487.549
 89.790   6.063 487.564
 89.890   6.056 487.580
 89.990   6.049 487.595
 90.090   6.042 487.610
 90.190   6.035 487.625
 90.290   6.027 487.639
 90.390   6.020 487.654
 90.490   6.013 487.669
 90.591   6.006 487.684
 90.691   5.999 487.699
 90.791   5.992 487.714
 90.891   5.985 487.728
 90.991   5.978 487.743
 91.091   5.971 487.758
 91.191   5.964 487.772
 91.291   5.957 487.787
 91.391   5.950 487.801
 91.491   5.944 487.816
 91.592   5.937 487.830
 91.692   5.930 487.845
 91.792   5.923 487.859
 91.892   5.916 487.874
 91.992   5.909 487.888
 92.092   5.902 487.902
 92.192   5.896 487.917
 92.292   5.889 487.931
 92.392   5.882 487.945
 92.492   5.875 487.959
 92.593   5.869 487.973
 92.693   5.862 487.988
 92.793   5.855 488.002
 92.893   5.849 488.016
 92.993   5.842 488.030
 93.093   5.835 488.044
 93.193   5.829 488.058
 93.293   5.822 488.072
 93.393   5.815 488.085
 93.493   5.809 488.099
 93.594   5.802 488.113
 93.694   5.796 488.127
 93.794   5.789 488.141
 93.894   5.783 488.154
 93.994   5.776 488.168
 94.094   5.769 488.182
 94.194   5.763 488.195
 94.294   5.756 488.209
 94.394   5.750 488.223
 94.494   5.744 488.236
 94.595   5.737 488.250
 94.695   5.731 488.263
 94.795   5.724 488.277
 94.895   5.718 488.290
 94.995   5.712 488.303
 95.095   5.705 488.317
 95.195   5.699 488.330
 95.295   5.692 488.343
 95.395   5.686 488.357
 95.495   5.680 488.370
 95.596   5.674 488.383
 95.696   5.667 488.396
 95.796   5.661 488.409
 95.896   5.655 488.422
 95.996   5.648 488.436
 96.096   5.642 488.449
 96.196   5.636 488.462
 96.296   5.630 488.475
 96.396   5.624 488.488
 96.496   5.617 488.501
 96.597   5.611 488.514
 96.697   5.605 488.526
 96.797   5.599 488.539
 96.897   5.593 488.552
 96.997   5.587 488.565
 97.097   5.581 488.578
 97.197   5.575 488.590
 97.297   5.569 488.603
 97.397   5.562 488.616
 97.497   5.556 488.629
 97.598   5.550 488.641
 97.698   5.544 488.654
 97.798   5.538 488.666
 97.898   5.532 488.679
 97.998   5.526 488.691
 98.098   5.520 488.704
 98.198   5.514 488.716
 98.298   5.509 488.729
 98.398   5.503 488.741
 98.498   5.497 488.754
 98.599   5.491 488.766
 98.699   5.485 488.778
 98.799   5.479 488.791
 98.899   5.473 488.803
 98.999   5.467 488.815
 99.099   5.461 488.827
 99.199   5.456 488.840
 99.299   5.450 488.852
 99.399   5.444 488.864
 99.499   5.438 488.876
 99.600   5.432 488.888
 99.700   5.427 488.900
 99.800   5.421 488.912
 99.900   5.415 488.924
100.000   5.409 488.936
