# ALPHA_1 0.002
# ALPHA_2 0.001
# BETTA_1 0.004
# BETTA_2 0.001
# GAMMA_1 0.500
# GAMMA_2 0.500
# Y0 156.000
# Z0 156.000
# X_BEG 0.000
# X_END 100.000
# XDOTS_NUM 1000
# DX 0.100
  0.000 156.000 156.000
  0.100 151.813 156.563
  0.200 147.967 157.244
  0.300 144.421 158.034
  0.400 141.141 158.922
  0.501 138.097 159.902
  0.601 135.264 160.966
  0.701 132.620 162.107
  0.801 130.145 163.322
  0.901 127.823 164.604
  1.001 125.639 165.948
  1.101 123.580 167.352
  1.201 121.636 168.811
  1.301 119.794 170.322
  1.401 118.047 171.882
  1.502 116.387 173.488
  1.602 114.805 175.137
  1.702 113.297 176.827
  1.802 111.855 178.555
  1.902 110.474 180.320
  2.002 109.150 182.119
  2.102 107.878 183.950
  2.202 106.655 185.812
  2.302 105.477 187.702
  2.402 104.339 189.620
  2.503 103.241 191.562
  2.603 102.178 193.529
  2.703 101.149 195.518
  2.803 100.150 197.529
  2.903  99.181 199.558
  3.003  98.238 201.606
  3.103  97.320 203.671
  3.203  96.426 205.752
  3.303  95.554 207.848
  3.403  94.703 209.956
  3.504  93.871 212.077
  3.604  93.057 214.210
  3.704  92.260 216.352
  3.804  91.479 218.503
  3.904  90.714 220.662
  4.004  89.962 222.828
  4.104  89.224 225.000
  4.204  88.499 227.177
  4.304  87.786 229.358
  4.404  87.084 231.542
  4.505  86.393 233.728
  4.605  85.712 235.916
  4.705  85.041 238.104
  4.805  84.380 240.292
  4.905  83.727 242.479
  5.005  83.082 244.664
  5.105  82.446 246.847
  5.205  81.817 249.026
  5.305  81.196 251.201
  5.405  80.582 253.371
  5.506  79.975 255.536
  5.606  79.374 257.694
  5.706  78.780 259.846
  5.806  78.192 261.991
  5.906  77.610 264.127
  6.006  77.033 266.255
  6.106  76.462 268.374
  6.206  75.897 270.484
  6.306  75.337 272.583
  6.406  74.782 274.672
  6.507  74.232 276.749
  6.607  73.687 278.815
  6.707  73.147 280.869
  6.807  72.611 282.910
  6.907  72.080 284.939
  7.007  71.554 286.955
  7.107  71.032 288.957
  7.207  70.515 290.945
  7.307  70.002 292.919
  7.407  69.493 294.879
  7.508  68.988 296.823
  7.608  68.488 298.753
  7.708  67.991 300.667
  7.808  67.499 302.566
  7.908  67.011 304.449
  8.008  66.526 306.316
  8.108  66.046 308.167
  8.208  65.570 310.002
  8.308  65.097 311.820
  8.408  64.629 313.622
  8.509  64.164 315.407
  8.609  63.703 317.175
  8.709  63.246 318.926
  8.809  62.792 320.660
  8.909  62.343 322.377
  9.009  61.897 324.076
  9.109  61.455 325.759
  9.209  61.016 327.424
  9.309  60.581 329.072
  9.409  60.150 330.703
  9.510  59.723 332.316
  9.610  59.299 333.912
  9.710  58.879 335.491
  9.810  58.462 337.052
  9.910  58.049 338.596
 10.010  57.639 340.123
 10.110  57.233 341.633
 10.210  56.831 343.126
 10.310  56.432 344.601
 10.410  56.036 346.060
 10.511  55.644 347.502
 10.611  55.255 348.927
 10.711  54.870 350.336
 10.811  54.489 351.727
 10.911  54.110 353.103
 11.011  53.735 354.462
 11.111  53.364 355.804
 11.211  52.995 357.131
 11.311  52.630 358.441
 11.411  52.269 359.735
 11.512  51.910 361.014
 11.612  51.555 362.277
 11.712  51.203 363.525
 11.812  50.855 364.757
 11.912  50.509 365.973
 12.012  50.167 367.175
 12.112  49.828 368.362
 12.212  49.492 369.534
 12.312  49.159 370.691
 12.412  48.829 371.834
 12.513  48.502 372.962
 12.613  48.179 374.076
 12.713  47.858 375.176
 12.813  47.541 376.263
 12.913  47.226 377.335
 13.013  46.914 378.394
 13.113  46.606 379.439
 13.213  46.300 380.471
 13.313  45.997 381.491
 13.413  45.697 382.497
 13.514  45.400 383.490
 13.614  45.105 384.471
 13.714  44.814 385.439
 13.814  44.525 386.395
 13.914  44.239 387.338
 14.014  43.955 388.270
 14.114  43.675 389.190
 14.214  43.397 390.098
 14.314  43.121 390.995
 14.414  42.849 391.880
 14.515  42.579 392.754
 14.615  42.311 393.617
 14.715  42.046 394.469
 14.815  41.784 395.310
 14.915  41.524 396.141
 15.015  41.266 396.961
 15.115  41.011 397.770
 15.215  40.759 398.570
 15.315  40.509 399.359
 15.415  40.261 400.139
 15.516  40.016 400.908
 15.616  39.772 401.669
 15.716  39.532 402.419
 15.816  39.293 403.161
 15.916  39.057 403.893
 16.016  38.823 404.615
 16.116  38.591 405.329
 16.216  38.362 406.035
 16.316  38.135 406.731
 16.416  37.909 407.419
 16.517  37.686 408.098
 16.617  37.465 408.769
 16.717  37.247 409.432
 16.817  37.030 410.087
 16.917  36.815 410.734
 17.017  36.602 411.373
 17.117  36.392 412.004
 17.217  36.183 412.628
 17.317  35.976 413.244
 17.417  35.771 413.852
 17.518  35.568 414.454
 17.618  35.367 415.048
 17.718  35.168 415.635
 17.818  34.971 416.215
 17.918  34.775 416.789
 18.018  34.582 417.355
 18.118  34.390 417.915
 18.218  34.200 418.468
 18.318  34.012 419.015
 18.418  33.825 419.556
 18.519  33.640 420.090
 18.619  33.457 420.618
 18.719  33.275 421.140
 18.819  33.096 421.656
 18.919  32.917 422.166
 19.019  32.741 422.670
 19.119  32.566 423.169
 19.219  32.392 423.661
 19.319  32.221 424.149
 19.419  32.050 424.630
 19.520  31.882 425.107
 19.620  31.714 425.578
 19.720  31.549 426.043
 19.820  31.384 426.504
 19.920  31.222 426.959
 20.020  31.060 427.410
 20.120  30.900 427.855
 20.220  30.742 428.296
 20.320  30.585 428.731
 20.420  30.429 429.163
 20.521  30.275 429.589
 20.621  30.122 430.011
 20.721  29.970 430.428
 20.821  29.820 430.841
 20.921  29.671 431.249
 21.021  29.524 431.653
 21.121  29.377 432.053
 21.221  29.232 432.448
 21.321  29.088 432.839
 21.421  28.946 433.227
 21.522  28.804 433.610
 21.622  28.664 433.989
 21.722  28.525 434.364
 21.822  28.387 434.736
 21.922  28.251 435.103
 22.022  28.115 435.467
 22.122  27.981 435.827
 22.222  27.848 436.183
 22.322  27.716 436.536
 22.422  27.585 436.885
 22.523  27.455 437.231
 22.623  27.326 437.573
 22.723  27.198 437.912
 22.823  27.072 438.248
 22.923  26.946 438.580
 23.023  26.822 438.909
 23.123  26.698 439.234
 23.223  26.576 439.557
 23.323  26.454 439.876
 23.423  26.334 440.192
 23.524  26.214 440.505
 23.624  26.096 440.815
 23.724  25.978 441.122
 23.824  25.861 441.427
 23.924  25.746 441.728
 24.024  25.631 442.026
 24.124  25.517 442.322
 24.224  25.404 442.615
 24.324  25.292 442.905
 24.424  25.181 443.192
 24.525  25.071 443.477
 24.625  24.961 443.759
 24.725  24.853 444.038
 24.825  24.745 444.315
 24.925  24.638 444.589
 25.025  24.532 444.861
 25.125  24.427 445.130
 25.225  24.323 445.397
 25.325  24.219 445.661
 25.425  24.117 445.923
 25.526  24.015 446.183
 25.626  23.913 446.440
 25.726  23.813 446.695
 25.826  23.713 446.948
 25.926  23.615 447.199
 26.026  23.517 447.447
 26.126  23.419 447.693
 26.226  23.323 447.937
 26.326  23.227 448.179
 26.426  23.132 448.419
 26.527  23.037 448.656
 26.627  22.943 448.892
 26.727  22.850 449.126
 26.827  22.758 449.357
 26.927  22.666 449.587
 27.027  22.575 449.815
 27.127  22.485 450.040
 27.227  22.395 450.264
 27.327  22.306 450.486
 27.427  22.218 450.706
 27.528  22.130 450.924
 27.628  22.043 451.141
 27.728  21.957 451.356
 27.828  21.871 451.568
 27.928  21.786 451.780
 28.028  21.701 451.989
 28.128  21.617 452.197
 28.228  21.534 452.403
 28.328  21.451 452.607
 28.428  21.369 452.809
 28.529  21.287 453.011
 28.629  21.206 453.210
 28.729  21.126 453.408
 28.829  21.046 453.604
 28.929  20.967 453.799
 29.029  20.888 453.992
 29.129  20.810 454.183
 29.229  20.732 454.373
 29.329  20.655 454.562
 29.429  20.578 454.749
 29.530  20.502 454.935
 29.630  20.427 455.119
 29.730  20.351 455.302
 29.830  20.277 455.483
 29.930  20.203 455.663
 30.030  20.129 455.842
 30.130  20.056 456.019
 30.230  19.984 456.195
 30.330  19.912 456.369
 30.430  19.840 456.543
 30.531  19.769 456.715
 30.631  19.699 456.885
 30.731  19.629 457.055
 30.831  19.559 457.223
 30.931  19.490 457.390
 31.031  19.421 457.555
 31.131  19.353 457.720
 31.231  19.285 457.883
 31.331  19.217 458.045
 31.431  19.151 458.206
 31.532  19.084 458.365
 31.632  19.018 458.524
 31.732  18.952 458.681
 31.832  18.887 458.837
 31.932  18.822 458.992
 32.032  18.758 459.146
 32.132  18.694 459.299
 32.232  18.630 459.451
 32.332  18.567 459.602
 32.432  18.504 459.751
 32.533  18.442 459.900
 32.633  18.380 460.047
 32.733  18.319 460.194
 32.833  18.257 460.339
 32.933  18.197 460.484
 33.033  18.136 460.627
 33.133  18.076 460.770
 33.233  18.017 460.911
 33.333  17.957 461.052
 33.433  17.898 461.191
 33.534  17.840 461.330
 33.634  17.782 461.467
 33.734  17.724 461.604
 33.834  17.666 461.740
 33.934  17.609 461.875
 34.034  17.552 462.009
 34.134  17.496 462.142
 34.234  17.440 462.274
 34.334  17.384 462.405
 34.434  17.329 462.536
 34.535  17.274 462.665
 34.635  17.219 462.794
 34.735  17.164 462.922
 34.835  17.110 463.049
 34.935  17.057 463.175
 35.035  17.003 463.300
 35.135  16.950 463.425
 35.235  16.897 463.548
 35.335  16.845 463.671
 35.435  16.792 463.793
 35.536  16.741 463.915
 35.636  16.689 464.035
 35.736  16.638 464.155
 35.836  16.587 464.274
 35.936  16.536 464.392
 36.036  16.486 464.510
 36.136  16.435 464.627
 36.236  16.386 464.743
 36.336  16.336 464.858
 36.436  16.287 464.972
 36.537  16.238 465.086
 36.637  16.189 465.199
 36.737  16.141 465.312
 36.837  16.093 465.424
 36.937  16.045 465.535
 37.037  15.997 465.645
 37.137  15.950 465.755
 37.237  15.903 465.864
 37.337  15.856 465.972
 37.437  15.810 466.080
 37.538  15.763 466.187
 37.638  15.717 466.293
 37.738  15.671 466.399
 37.838  15.626 466.504
 37.938  15.581 466.609
 38.038  15.536 466.712
 38.138  15.491 466.816
 38.238  15.446 466.918
 38.338  15.402 467.020
 38.438  15.358 467.122
 38.539  15.314 467.222
 38.639  15.271 467.323
 38.739  15.228 467.422
 38.839  15.185 467.521
 38.939  15.142 467.620
 39.039  15.099 467.718
 39.139  15.057 467.815
 39.239  15.015 467.912
 39.339  14.973 468.008
 39.439  14.931 468.103
 39.540  14.889 468.198
 39.640  14.848 468.293
 39.740  14.807 468.387
 39.840  14.766 468.480
 39.940  14.726 468.573
 40.040  14.685 468.666
 40.140  14.645 468.758
 40.240  14.605 468.849
 40.340  14.565 468.940
 40.440  14.526 469.030
 40.541  14.486 469.120
 40.641  14.447 469.209
 40.741  14.408 469.298
 40.841  14.370 469.386
 40.941  14.331 469.474
 41.041  14.293 469.561
 41.141  14.255 469.648
 41.241  14.217 469.735
 41.341  14.179 469.821
 41.441  14.141 469.906
 41.542  14.104 469.991
 41.642  14.067 470.075
 41.742  14.030 470.160
 41.842  13.993 470.243
 41.942  13.956 470.326
 42.042  13.920 470.409
 42.142  13.884 470.491
 42.242  13.848 470.573
 42.342  13.812 470.654
 42.442  13.776 470.735
 42.543  13.740 470.816
 42.643  13.705 470.896
 42.743  13.670 470.975
 42.843  13.635 471.055
 42.943  13.600 471.133
 43.043  13.565 471.212
 43.143  13.531 471.290
 43.243  13.496 471.367
 43.343  13.462 471.445
 43.443  13.428 471.521
 43.544  13.394 471.598
 43.644  13.361 471.674
 43.744  13.327 471.749
 43.844  13.294 471.824
 43.944  13.261 471.899
 44.044  13.228 471.974
 44.144  13.195 472.048
 44.244  13.162 472.121
 44.344  13.130 472.195
 44.444  13.097 472.267
 44.545  13.065 472.340
 44.645  13.033 472.412
 44.745  13.001 472.484
 44.845  12.969 472.555
 44.945  12.937 472.627
 45.045  12.906 472.697
 45.145  12.875 472.768
 45.245  12.843 472.838
 45.345  12.812 472.907
 45.445  12.781 472.977
 45.546  12.751 473.046
 45.646  12.720 473.114
 45.746  12.690 473.183
 45.846  12.659 473.250
 45.946  12.629 473.318
 46.046  12.599 473.385
 46.146  12.569 473.452
 46.246  12.539 473.519
 46.346  12.510 473.585
 46.446  12.480 473.651
 46.547  12.451 473.717
 46.647  12.421 473.782
 46.747  12.392 473.847
 46.847  12.363 473.912
 46.947  12.335 473.977
 47.047  12.306 474.041
 47.147  12.277 474.104
 47.247  12.249 474.168
 47.347  12.220 474.231
 47.447  12.192 474.294
 47.548  12.164 474.357
 47.648  12.136 474.419
 47.748  12.108 474.481
 47.848  12.081 474.543
 47.948  12.053 474.604
 48.048  12.026 474.665
 48.148  11.998 474.726
 48.248  11.971 474.787
 48.348  11.944 474.847
 48.448  11.917 474.907
 48.549  11.890 474.967
 48.649  11.863 475.026
 48.749  11.837 475.085
 48.849  11.810 475.144
 48.949  11.784 475.203
 49.049  11.757 475.261
 49.149  11.731 475.319
 49.249  11.705 475.377
 49.349  11.679 475.435
 49.449  11.653 475.492
 49.550  11.628 475.549
 49.650  11.602 475.606
 49.750  11.577 475.662
 49.850  11.551 475.719
 49.950  11.526 475.775
 50.050  11.501 475.830
 50.150  11.476 475.886
 50.250  11.451 475.941
 50.350  11.426 475.996
 50.450  11.401 476.051
 50.551  11.376 476.106
 50.651  11.352 476.160
 50.751  11.327 476.214
 50.851  11.303 476.268
 50.951  11.279 476.321
 51.051  11.255 476.375
 51.151  11.230 476.428
 51.251  11.206 476.481
 51.351  11.183 476.533
 51.451  11.159 476.586
 51.552  11.135 476.638
 51.652  11.112 476.690
 51.752  11.088 476.742
 51.852  11.065 476.793
 51.952  11.042 476.844
 52.052  11.018 476.896
 52.152  10.995 476.946
 52.252  10.972 476.997
 52.352  10.949 477.047
 52.452  10.927 477.098
 52.553  10.904 477.148
 52.653  10.881 477.197
 52.753  10.859 477.247
 52.853  10.836 477.296
 52.953  10.814 477.346
 53.053  10.792 477.394
 53.153  10.770 477.443
 53.253  10.748 477.492
 53.353  10.726 477.540
 53.453  10.704 477.588
 53.554  10.682 477.636
 53.654  10.660 477.684
 53.754  10.638 477.731
 53.854  10.617 477.779
 53.954  10.595 477.826
 54.054  10.574 477.873
 54.154  10.553 477.920
 54.254  10.531 477.966
 54.354  10.510 478.012
 54.454  10.489 478.059
 54.555  10.468 478.105
 54.655  10.447 478.150
 54.755  10.427 478.196
 54.855  10.406 478.241
 54.955  10.385 478.287
 55.055  10.365 478.332
 55.155  10.344 478.377
 55.255  10.324 478.421
 55.355  10.303 478.466
 55.455  10.283 478.510
 55.556  10.263 478.554
 55.656  10.243 478.598
 55.756  10.223 478.642
 55.856  10.203 478.686
 55.956  10.183 478.729
 56.056  10.163 478.772
 56.156  10.143 478.815
 56.256  10.124 478.858
 56.356  10.104 478.901
 56.456  10.085 478.944
 56.557  10.065 478.986
 56.657  10.046 479.028
 56.757  10.027 479.071
 56.857  10.007 479.112
 56.957   9.988 479.154
 57.057   9.969 479.196
 57.157   9.950 479.237
 57.257   9.931 479.279
 57.357   9.912 479.320
 57.457   9.894 479.361
 57.558   9.875 479.401
 57.658   9.856 479.442
 57.758   9.838 479.483
 57.858   9.819 479.523
 57.958   9.801 479.563
 58.058   9.782 479.603
 58.158   9.764 479.643
 58.258   9.746 479.683
 58.358   9.728 479.722
 58.458   9.710 479.762
 58.559   9.692 479.801
 58.659   9.674 479.840
 58.759   9.656 479.879
 58.859   9.638 479.918
 58.959   9.620 479.957
 59.059   9.602 479.995
 59.159   9.585 480.033
 59.259   9.567 480.072
 59.359   9.549 480.110
 59.459   9.532 480.148
 59.560   9.515 480.186
 59.660   9.497 480.223
 59.760   9.480 480.261
 59.860   9.463 480.298
 59.960   9.446 480.335
 60.060   9.428 480.373
 60.160   9.411 480.410
 60.260   9.394 480.446
 60.360   9.378 480.483
 60.460   9.361 480.520
 60.561   9.344 480.556
 60.661   9.327 480.592
 60.761   9.310 480.629
 60.861   9.294 480.665
 60.961   9.277 480.701
 61.061   9.261 480.736
 61.161   9.244 480.772
 61.261   9.228 480.807
 61.361   9.212 480.843
 61.461   9.195 480.878
 61.562   9.179 480.913
 61.662   9.163 480.948
 61.762   9.147 480.983
 61.862   9.131 481.018
 61.962   9.115 481.053
 62.062   9.099 481.087
 62.162   9.083 481.121
 62.262   9.067 481.156
 62.362   9.051 481.190
 62.462   9.036 481.224
 62.563   9.020 481.258
 62.663   9.004 481.292
 62.763   8.989 481.325
 62.863   8.973 481.359
 62.963   8.958 481.392
 63.063   8.942 481.426
 63.163   8.927 481.459
 63.263   8.912 481.492
 63.363   8.896 481.525
 63.463   8.881 481.558
 63.564   8.866 481.590
 63.664   8.851 481.623
 63.764   8.836 481.655
 63.864   8.821 481.688
 63.964   8.806 481.720
 64.064   8.791 481.752
 64.164   8.776 481.784
 64.264   8.761 481.816
 64.364   8.746 481.848
 64.464   8.732 481.880
 64.565   8.717 481.912
 64.665   8.702 481.943
 64.765   8.688 481.974
 64.865   8.673 482.006
 64.965   8.659 482.037
 65.065   8.644 482.068
 65.165   8.630 482.099
 65.265   8.616 482.130
 65.365   8.601 482.161
 65.465   8.587 482.191
 65.566   8.573 482.222
 65.666   8.559 482.252
 65.766   8.545 482.283
 65.866   8.531 482.313
 65.966   8.517 482.343
 66.066   8.503 482.373
 66.166   8.489 482.403
 66.266   8.475 482.433
 66.366   8.461 482.463
 66.466   8.447 482.492
 66.567   8.434 482.522
 66.667   8.420 482.551
 66.767   8.406 482.581
 66.867   8.393 482.610
 66.967   8.379 482.639
 67.067   8.365 482.668
 67.167   8.352 482.697
 67.267   8.339 482.726
 67.367   8.325 482.755
 67.467   8.312 482.784
 67.568   8.298 482.812
 67.668   8.285 482.841
 67.768   8.272 482.869
 67.868   8.259 482.897
 67.968   8.246 482.926
 68.068   8.233 482.954
 68.168   8.219 482.982
 68.268   8.206 483.010
 68.368   8.193 483.038
 68.468   8.180 483.066
 68.569   8.168 483.093
 68.669   8.155 483.121
 68.769   8.142 483.148
 68.869   8.129 483.176
 68.969   8.116 483.203
 69.069   8.104 483.230
 69.169   8.091 483.257
 69.269   8.078 483.285
 69.369   8.066 483.312
 69.469   8.053 483.338
 69.570   8.041 483.365
 69.670   8.028 483.392
 69.770   8.016 483.419
 69.870   8.003 483.445
 69.970   7.991 483.472
 70.070   7.979 483.498
 70.170   7.966 483.524
 70.270   7.954 483.551
 70.370   7.942 483.577
 70.470   7.930 483.603
 70.571   7.918 483.629
 70.671   7.905 483.655
 70.771   7.893 483.681
 70.871   7.881 483.706
 70.971   7.869 483.732
 71.071   7.857 483.758
 71.171   7.845 483.783
 71.271   7.834 483.809
 71.371   7.822 483.834
 71.471   7.810 483.859
 71.572   7.798 483.884
 71.672   7.786 483.910
 71.772   7.775 483.935
 71.872   7.763 483.960
 71.972   7.751 483.984
 72.072   7.740 484.009
 72.172   7.728 484.034
 72.272   7.717 484.059
 72.372   7.705 484.083
 72.472   7.694 484.108
 72.573   7.682 484.132
 72.673   7.671 484.157
 72.773   7.659 484.181
 72.873   7.648 484.205
 72.973   7.637 484.229
 73.073   7.625 484.253
 73.173   7.614 484.277
 73.273   7.603 484.301
 73.373   7.592 484.325
 73.473   7.581 484.349
 73.574   7.569 484.373
 73.674   7.558 484.396
 73.774   7.547 484.420
 73.874   7.536 484.443
 73.974   7.525 484.467
 74.074   7.514 484.490
 74.174   7.503 484.513
 74.274   7.493 484.537
 74.374   7.482 484.560
 74.474   7.471 484.583
 74.575   7.460 484.606
 74.675   7.449 484.629
 74.775   7.439 484.652
 74.875   7.428 484.675
 74.975   7.417 484.697
 75.075   7.407 484.720
 75.175   7.396 484.743
 75.275   7.385 484.765
 75.375   7.375 484.788
 75.475   7.364 484.810
 75.576   7.354 484.833
 75.676   7.343 484.855
 75.776   7.333 484.877
 75.876   7.322 484.899
 75.976   7.312 484.921
 76.076   7.302 484.943
 76.176   7.291 484.965
 76.276   7.281 484.987
 76.376   7.271 485.009
 76.476   7.260 485.031
 76.577   7.250 485.053
 76.677   7.240 485.074
 76.777   7.230 485.096
 76.877   7.220 485.117
 76.977   7.210 485.139
 77.077   7.200 485.160
 77.177   7.190 485.182
 77.277   7.180 485.203
 77.377   7.170 485.224
 77.477   7.160 485.245
 77.578   7.150 485.267
 77.678   7.140 485.288
 77.778   7.130 485.309
 77.878   7.120 485.330
 77.978   7.110 485.350
 78.078   7.100 485.371
 78.178   7.091 485.392
 78.278   7.081 485.413
 78.378   7.071 485.433
 78.478   7.061 485.454
 78.579   7.052 485.474
 78.679   7.042 485.495
 78.779   7.033 485.515
 78.879   7.023 485.536
 78.979   7.013 485.556
 79.079   7.004 485.576
 79.179   6.994 485.596
 79.279   6.985 485.617
 79.379   6.975 485.637
 79.479   6.966 485.657
 79.580   6.956 485.677
 79.680   6.947 485.697
 79.780   6.938 485.717
 79.880   6.928 485.736
 79.980   6.919 485.756
 80.080   6.910 485.776
 80.180   6.901 485.795
 80.280   6.891 485.815
 80.380   6.882 485.835
 80.480   6.873 485.854
 80.581   6.864 485.874
 80.681   6.855 485.893
 80.781   6.845 485.912
 80.881   6.836 485.932
 80.981   6.827 485.951
 81.081   6.818 485.970
 81.181   6.809 485.989
 81.281   6.800 486.008
 81.381   6.791 486.027
 81.481   6.782 486.046
 81.582   6.773 486.065
 81.682   6.764 486.084
 81.782   6.756 486.103
 81.882   6.747 486.121
 81.982   6.738 486.140
 82.082   6.729 486.159
 82.182   6.720 486.178
 82.282   6.711 486.196
 82.382   6.703 486.215
 82.482   6.694 486.233
 82.583   6.685 486.251
 82.683   6.677 486.270
 82.783   6.668 486.288
 82.883   6.659 486.306
 82.983   6.651 486.325
 83.083   6.642 486.343
 83.183   6.633 486.361
 83.283   6.625 486.379
 83.383   6.616 486.397
 83.483   6.608 486.415
 83.584   6.599 486.433
 83.684   6.591 486.451
 83.784   6.582 486.469
 83.884   6.574 486.487
 83.984   6.566 486.504
 84.084   6.557 486.522
 84.184   6.549 486.540
 84.284   6.541 486.557
 84.384   6.532 486.575
 84.484   6.524 486.593
 84.585   6.516 486.610
 84.685   6.507 486.627
 84.785   6.499 486.645
 84.885   6.491 486.662
 84.985   6.483 486.680
 85.085   6.475 486.697
 85.185   6.466 486.714
 85.285   6.458 486.731
 85.385   6.450 486.748
 85.485   6.442 486.765
 85.586   6.434 486.782
 85.686   6.426 486.799
 85.786   6.418 486.816
 85.886   6.410 486.833
 85.986   6.402 486.850
 86.086   6.394 486.867
 86.186   6.386 486.884
 86.286   6.378 486.901
 86.386   6.370 486.917
 86.486   6.362 486.934
 86.587   6.354 486.951
 86.687   6.347 486.967
 86.787   6.339 486.984
 86.887   6.331 487.000
 86.987   6.323 487.017
 87.087   6.315 487.033
 87.187   6.308 487.049
 87.287   6.300 487.066
 87.387   6.292 487.082
 87.487   6.284 487.098
 87.588   6.277 487.115
 87.688   6.269 487.131
 87.788   6.261 487.147
 87.888   6.254 487.163
 87.988   6.246 487.179
 88.088   6.239 487.195
 88.188   6.231 487.211
 88.288   6.223 487.227
 88.388   6.216 487.243
 88.488   6.208 487.259
 88.589   6.201 487.274
 88.689   6.193 487.290
 88.789   6.186 487.306
 88.889   6.178 487.322
 88.989   6.171 487.337
 89.089   6.164 487.353
 89.189   6.156 487.369
 89.289   6.149 487.384
 89.389   6.141 487.400
 89.489   6.134 487.415
 89.590   6.127 487.431
 89.690   6.119 487.446
 89.790   6.112 487.461
 89.890   6.105 487.477
 89.990   6.098 487.492
 90.090   6.090 487.507
 90.190   6.083 487.522
 90.290   6.076 487.538
 90.390   6.069 487.553
 90.490   6.062 487.568
 90.591   6.054 487.583
 90.691   6.047 487.598
 90.791   6.040 487.613
 90.891   6.033 487.628
 90.991   6.026 487.643
 91.091   6.019 487.658
 91.191   6.012 487.673
 91.291   6.005 487.687
 91.391   5.998 487.702
 91.491   5.991 487.717
 91.592   5.984 487.732
 91.692   5.977 487.746
 91.792   5.970 487.761
 91.892   5.963 487.776
 91.992   5.956 487.790
 92.092   5.949 487.805
 92.192   5.942 487.819
 92.292   5.935 487.834
 92.392   5.928 487.848
 92.492   5.921 487.862
 92.593   5.915 487.877
 92.693   5.908 487.891
 92.793   5.901 487.906
 92.893   5.894 487.920
 92.993   5.887 487.934
 93.093   5.881 487.948
 93.193   5.874 487.962
 93.293   5.867 487.977
 93.393   5.860 487.991
 93.493   5.854 488.005
 93.594   5.847 488.019
 93.694   5.840 488.033
 93.794   5.834 488.047
 93.894   5.827 488.061
 93.994   5.820 488.075
 94.094   5.814 488.088
 94.194   5.807 488.102
 94.294   5.801 488.116
 94.394   5.794 488.130
 94.494   5.788 488.144
 94.595   5.781 488.157
 94.695   5.775 488.171
 94.795   5.768 488.185
 94.895   5.762 488.198
 94.995   5.755 488.212
 95.095   5.749 488.226
 95.195   5.742 488.239
 95.295   5.736 488.253
 95.395   5.729 488.266
 95.495   5.723 488.280
 95.596   5.716 488.293
 95.696   5.710 488.306
 95.796   5.704 488.320
 95.896   5.697 488.333
 95.996   5.691 488.346
 96.096   5.685 488.360
 96.196   5.678 488.373
 96.296   5.672 488.386
 96.396   5.666 488.399
 96.496   5.660 488.412
 96.597   5.653 488.425
 96.697   5.647 488.438
 96.797   5.641 488.452
 96.897   5.635 488.465
 96.997   5.628 488.478
 97.097   5.622 488.491
 97.197   5.616 488.503
 97.297   5.610 488.516
 97.397   5.604 488.529
 97.497   5.598 488.542
 97.598   5.592 488.555
 97.698   5.585 488.568
 97.798   5.579 488.581
 97.898   5.573 488.593
 97.998   5.567 488.606
 98.098   5.561 488.619
 98.198   5.555 488.631
 98.298   5.549 488.644
 98.398   5.543 488.657
 98.498   5.537 488.669
 98.599   5.531 488.682
 98.699   5.525 488.694
 98.799   5.519 488.707
 98.899   5.513 488.719
 98.999   5.507 488.732
 99.099   5.501 488.744
 99.199   5.495 488.756
 99.299   5.489 488.769
 99.399   5.484 488.781
 99.499   5.478 488.793
 99.600   5.472 488.806
 99.700   5.466 488.818
 99.800   5.460 488.830
 99.900   5.454 488.842
100.000   5.449 488.854
