# ALPHA_1 0.002
# ALPHA_2 0.001
# BETTA_1 0.004
# BETTA_2 0.001
# GAMMA_1 0.500
# GAMMA_2 0.500
# Y0 243.000
# Z0 243.000
# X_BEG 0.000
# X_END 100.000
# XDOTS_NUM 1000
# DX 0.100
  0.000 243.000 243.000
  0.100 227.021 237.946
  0.200 213.444 233.793
  0.300 201.771 230.379
  0.400 191.627 227.580
  0.501 182.734 225.301
  0.601 174.873 223.463
  0.701 167.876 222.007
  0.801 161.608 220.881
  0.901 155.960 220.044
  1.001 150.844 219.462
  1.101 146.189 219.106
  1.201 141.933 218.951
  1.301 138.027 218.976
  1.401 134.429 219.163
  1.502 131.103 219.497
  1.602 128.018 219.963
  1.702 125.148 220.550
  1.802 122.470 221.247
  1.902 119.965 222.045
  2.002 117.616 222.935
  2.102 115.407 223.910
  2.202 113.325 224.962
  2.302 111.359 226.087
  2.402 109.498 227.278
  2.503 107.733 228.530
  2.603 106.056 229.839
  2.703 104.459 231.200
  2.803 102.937 232.609
  2.903 101.483 234.063
  3.003 100.091 235.559
  3.103  98.757 237.093
  3.203  97.477 238.662
  3.303  96.247 240.264
  3.403  95.063 241.895
  3.504  93.921 243.555
  3.604  92.820 245.240
  3.704  91.755 246.948
  3.804  90.725 248.677
  3.904  89.728 250.426
  4.004  88.761 252.192
  4.104  87.822 253.974
  4.204  86.909 255.770
  4.304  86.022 257.579
  4.404  85.158 259.399
  4.505  84.316 261.228
  4.605  83.495 263.066
  4.705  82.694 264.912
  4.805  81.911 266.763
  4.905  81.145 268.618
  5.005  80.396 270.478
  5.105  79.663 272.340
  5.205  78.945 274.203
  5.305  78.241 276.067
  5.405  77.550 277.931
  5.506  76.872 279.793
  5.606  76.207 281.653
  5.706  75.553 283.511
  5.806  74.910 285.364
  5.906  74.278 287.213
  6.006  73.656 289.057
  6.106  73.044 290.895
  6.206  72.441 292.727
  6.306  71.847 294.552
  6.406  71.262 296.369
  6.507  70.686 298.177
  6.607  70.117 299.977
  6.707  69.556 301.768
  6.807  69.003 303.549
  6.907  68.457 305.319
  7.007  67.918 307.079
  7.107  67.386 308.829
  7.207  66.861 310.566
  7.307  66.342 312.292
  7.407  65.829 314.006
  7.508  65.323 315.708
  7.608  64.822 317.397
  7.708  64.328 319.073
  7.808  63.839 320.736
  7.908  63.355 322.385
  8.008  62.877 324.021
  8.108  62.404 325.643
  8.208  61.937 327.251
  8.308  61.474 328.845
  8.408  61.017 330.425
  8.509  60.564 331.990
  8.609  60.117 333.541
  8.709  59.674 335.077
  8.809  59.235 336.598
  8.909  58.801 338.105
  9.009  58.372 339.596
  9.109  57.947 341.073
  9.209  57.527 342.535
  9.309  57.111 343.981
  9.409  56.699 345.413
  9.510  56.291 346.830
  9.610  55.887 348.231
  9.710  55.488 349.618
  9.810  55.092 350.990
  9.910  54.701 352.346
 10.010  54.313 353.688
 10.110  53.929 355.015
 10.210  53.549 356.327
 10.310  53.173 357.624
 10.410  52.801 358.906
 10.511  52.432 360.174
 10.611  52.067 361.427
 10.711  51.706 362.666
 10.811  51.348 363.890
 10.911  50.993 365.100
 11.011  50.643 366.296
 11.111  50.295 367.478
 11.211  49.951 368.645
 11.311  49.611 369.799
 11.411  49.273 370.939
 11.512  48.940 372.065
 11.612  48.609 373.178
 11.712  48.282 374.277
 11.812  47.957 375.363
 11.912  47.636 376.435
 12.012  47.319 377.495
 12.112  47.004 378.541
 12.212  46.692 379.575
 12.312  46.384 380.596
 12.412  46.078 381.605
 12.513  45.776 382.601
 12.613  45.476 383.585
 12.713  45.179 384.556
 12.813  44.886 385.516
 12.913  44.595 386.464
 13.013  44.307 387.400
 13.113  44.022 388.324
 13.213  43.739 389.237
 13.313  43.459 390.139
 13.413  43.182 391.029
 13.514  42.908 391.908
 13.614  42.637 392.777
 13.714  42.368 393.634
 13.814  42.101 394.481
 13.914  41.838 395.318
 14.014  41.576 396.144
 14.114  41.318 396.960
 14.214  41.062 397.766
 14.314  40.808 398.561
 14.414  40.557 399.347
 14.515  40.308 400.124
 14.615  40.062 400.890
 14.715  39.818 401.647
 14.815  39.576 402.395
 14.915  39.337 403.134
 15.015  39.100 403.864
 15.115  38.865 404.584
 15.215  38.633 405.296
 15.315  38.402 405.999
 15.415  38.174 406.694
 15.516  37.948 407.380
 15.616  37.725 408.058
 15.716  37.503 408.727
 15.816  37.284 409.389
 15.916  37.066 410.042
 16.016  36.851 410.688
 16.116  36.638 411.326
 16.216  36.426 411.956
 16.316  36.217 412.579
 16.416  36.010 413.194
 16.517  35.805 413.802
 16.617  35.601 414.403
 16.717  35.400 414.996
 16.817  35.200 415.583
 16.917  35.002 416.163
 17.017  34.806 416.735
 17.117  34.612 417.302
 17.217  34.420 417.861
 17.317  34.230 418.414
 17.417  34.041 418.961
 17.518  33.854 419.501
 17.618  33.669 420.035
 17.718  33.485 420.563
 17.818  33.303 421.085
 17.918  33.123 421.601
 18.018  32.945 422.110
 18.118  32.768 422.615
 18.218  32.592 423.113
 18.318  32.419 423.606
 18.418  32.247 424.093
 18.519  32.076 424.575
 18.619  31.907 425.051
 18.719  31.740 425.523
 18.819  31.574 425.988
 18.919  31.409 426.449
 19.019  31.246 426.905
 19.119  31.084 427.355
 19.219  30.924 427.801
 19.319  30.766 428.242
 19.419  30.608 428.678
 19.520  30.452 429.109
 19.620  30.298 429.536
 19.720  30.145 429.958
 19.820  29.993 430.375
 19.920  29.842 430.788
 20.020  29.693 431.197
 20.120  29.545 431.601
 20.220  29.399 432.001
 20.320  29.253 432.397
 20.420  29.109 432.789
 20.521  28.967 433.176
 20.621  28.825 433.560
 20.721  28.685 433.939
 20.821  28.545 434.315
 20.921  28.407 434.686
 21.021  28.271 435.054
 21.121  28.135 435.419
 21.221  28.001 435.779
 21.321  27.867 436.136
 21.421  27.735 436.489
 21.522  27.604 436.838
 21.622  27.474 437.184
 21.722  27.345 437.527
 21.822  27.217 437.866
 21.922  27.090 438.202
 22.022  26.964 438.535
 22.122  26.840 438.864
 22.222  26.716 439.190
 22.322  26.593 439.512
 22.422  26.472 439.832
 22.523  26.351 440.149
 22.623  26.231 440.462
 22.723  26.113 440.773
 22.823  25.995 441.080
 22.923  25.878 441.384
 23.023  25.762 441.686
 23.123  25.648 441.985
 23.223  25.534 442.281
 23.323  25.420 442.574
 23.423  25.308 442.864
 23.524  25.197 443.152
 23.624  25.087 443.437
 23.724  24.977 443.719
 23.824  24.869 443.999
 23.924  24.761 444.276
 24.024  24.654 444.551
 24.124  24.548 444.823
 24.224  24.442 445.092
 24.324  24.338 445.359
 24.424  24.234 445.624
 24.525  24.131 445.886
 24.625  24.029 446.146
 24.725  23.928 446.404
 24.825  23.828 446.659
 24.925  23.728 446.912
 25.025  23.629 447.163
 25.125  23.531 447.412
 25.225  23.433 447.658
 25.325  23.337 447.903
 25.425  23.241 448.145
 25.526  23.145 448.385
 25.626  23.051 448.623
 25.726  22.957 448.859
 25.826  22.864 449.092
 25.926  22.771 449.324
 26.026  22.680 449.554
 26.126  22.588 449.782
 26.226  22.498 450.008
 26.326  22.408 450.232
 26.426  22.319 450.454
 26.527  22.231 450.675
 26.627  22.143 450.893
 26.727  22.056 451.110
 26.827  21.969 451.325
 26.927  21.883 451.538
 27.027  21.798 451.749
 27.127  21.713 451.959
 27.227  21.629 452.167
 27.327  21.546 452.373
 27.427  21.463 452.578
 27.528  21.381 452.780
 27.628  21.299 452.982
 27.728  21.218 453.181
 27.828  21.137 453.379
 27.928  21.057 453.576
 28.028  20.978 453.771
 28.128  20.899 453.964
 28.228  20.821 454.156
 28.328  20.743 454.346
 28.428  20.666 454.535
 28.529  20.589 454.722
 28.629  20.513 454.908
 28.729  20.437 455.092
 28.829  20.362 455.275
 28.929  20.288 455.457
 29.029  20.214 455.637
 29.129  20.140 455.816
 29.229  20.067 455.993
 29.329  19.994 456.170
 29.429  19.922 456.344
 29.530  19.851 456.518
 29.630  19.780 456.690
 29.730  19.709 456.861
 29.830  19.639 457.030
 29.930  19.569 457.199
 30.030  19.500 457.366
 30.130  19.431 457.531
 30.230  19.363 457.696
 30.330  19.295 457.859
 30.430  19.227 458.022
 30.531  19.160 458.183
 30.631  19.094 458.342
 30.731  19.027 458.501
 30.831  18.962 458.658
 30.931  18.896 458.815
 31.031  18.832 458.970
 31.131  18.767 459.124
 31.231  18.703 459.277
 31.331  18.640 459.429
 31.431  18.576 459.580
 31.532  18.514 459.730
 31.632  18.451 459.878
 31.732  18.389 460.026
 31.832  18.327 460.173
 31.932  18.266 460.318
 32.032  18.205 460.463
 32.132  18.145 460.607
 32.232  18.085 460.749
 32.332  18.025 460.891
 32.432  17.966 461.031
 32.533  17.907 461.171
 32.633  17.848 461.310
 32.733  17.790 461.448
 32.833  17.732 461.584
 32.933  17.675 461.720
 33.033  17.617 461.855
 33.133  17.561 461.989
 33.233  17.504 462.123
 33.333  17.448 462.255
 33.433  17.392 462.386
 33.534  17.337 462.517
 33.634  17.282 462.646
 33.734  17.227 462.775
 33.834  17.172 462.903
 33.934  17.118 463.030
 34.034  17.064 463.157
 34.134  17.011 463.282
 34.234  16.958 463.407
 34.334  16.905 463.531
 34.434  16.852 463.654
 34.535  16.800 463.776
 34.635  16.748 463.897
 34.735  16.696 464.018
 34.835  16.645 464.138
 34.935  16.594 464.257
 35.035  16.543 464.375
 35.135  16.493 464.493
 35.235  16.443 464.610
 35.335  16.393 464.726
 35.435  16.343 464.841
 35.536  16.294 464.956
 35.636  16.245 465.070
 35.736  16.196 465.183
 35.836  16.148 465.296
 35.936  16.100 465.408
 36.036  16.052 465.519
 36.136  16.004 465.629
 36.236  15.957 465.739
 36.336  15.910 465.848
 36.436  15.863 465.956
 36.537  15.816 466.064
 36.637  15.770 466.171
 36.737  15.724 466.278
 36.837  15.678 466.384
 36.937  15.633 466.489
 37.037  15.587 466.593
 37.137  15.542 466.697
 37.237  15.497 466.801
 37.337  15.453 466.903
 37.437  15.409 467.005
 37.538  15.365 467.107
 37.638  15.321 467.208
 37.738  15.277 467.308
 37.838  15.234 467.408
 37.938  15.191 467.507
 38.038  15.148 467.605
 38.138  15.105 467.703
 38.238  15.063 467.801
 38.338  15.021 467.898
 38.438  14.979 467.994
 38.539  14.937 468.090
 38.639  14.895 468.185
 38.739  14.854 468.279
 38.839  14.813 468.373
 38.939  14.772 468.467
 39.039  14.732 468.560
 39.139  14.691 468.652
 39.239  14.651 468.744
 39.339  14.611 468.836
 39.439  14.571 468.927
 39.540  14.532 469.017
 39.640  14.492 469.107
 39.740  14.453 469.196
 39.840  14.414 469.285
 39.940  14.375 469.374
 40.040  14.337 469.461
 40.140  14.298 469.549
 40.240  14.260 469.636
 40.340  14.222 469.722
 40.440  14.184 469.808
 40.541  14.147 469.894
 40.641  14.109 469.979
 40.741  14.072 470.063
 40.841  14.035 470.147
 40.941  13.998 470.231
 41.041  13.962 470.314
 41.141  13.925 470.397
 41.241  13.889 470.479
 41.341  13.853 470.561
 41.441  13.817 470.643
 41.542  13.781 470.724
 41.642  13.746 470.804
 41.742  13.710 470.884
 41.842  13.675 470.964
 41.942  13.640 471.043
 42.042  13.605 471.122
 42.142  13.570 471.201
 42.242  13.536 471.279
 42.342  13.501 471.356
 42.442  13.467 471.433
 42.543  13.433 471.510
 42.643  13.399 471.587
 42.743  13.366 471.663
 42.843  13.332 471.738
 42.943  13.299 471.814
 43.043  13.266 471.888
 43.143  13.232 471.963
 43.243  13.200 472.037
 43.343  13.167 472.111
 43.443  13.134 472.184
 43.544  13.102 472.257
 43.644  13.070 472.330
 43.744  13.037 472.402
 43.844  13.005 472.474
 43.944  12.974 472.545
 44.044  12.942 472.616
 44.144  12.910 472.687
 44.244  12.879 472.757
 44.344  12.848 472.827
 44.444  12.817 472.897
 44.545  12.786 472.967
 44.645  12.755 473.036
 44.745  12.724 473.104
 44.845  12.694 473.173
 44.945  12.664 473.241
 45.045  12.633 473.308
 45.145  12.603 473.376
 45.245  12.573 473.443
 45.345  12.544 473.509
 45.445  12.514 473.576
 45.546  12.484 473.642
 45.646  12.455 473.707
 45.746  12.426 473.773
 45.846  12.397 473.838
 45.946  12.368 473.903
 46.046  12.339 473.967
 46.146  12.310 474.031
 46.246  12.281 474.095
 46.346  12.253 474.159
 46.446  12.224 474.222
 46.547  12.196 474.285
 46.647  12.168 474.348
 46.747  12.140 474.410
 46.847  12.112 474.472
 46.947  12.085 474.534
 47.047  12.057 474.595
 47.147  12.030 474.656
 47.247  12.002 474.717
 47.347  11.975 474.778
 47.447  11.948 474.838
 47.548  11.921 474.898
 47.648  11.894 474.958
 47.748  11.867 475.017
 47.848  11.840 475.077
 47.948  11.814 475.136
 48.048  11.788 475.194
 48.148  11.761 475.253
 48.248  11.735 475.311
 48.348  11.709 475.369
 48.448  11.683 475.426
 48.549  11.657 475.484
 48.649  11.631 475.541
 48.749  11.606 475.598
 48.849  11.580 475.654
 48.949  11.555 475.710
 49.049  11.529 475.767
 49.149  11.504 475.822
 49.249  11.479 475.878
 49.349  11.454 475.933
 49.449  11.429 475.988
 49.550  11.405 476.043
 49.650  11.380 476.098
 49.750  11.355 476.152
 49.850  11.331 476.206
 49.950  11.306 476.260
 50.050  11.282 476.314
 50.150  11.258 476.367
 50.250  11.234 476.420
 50.350  11.210 476.473
 50.450  11.186 476.526
 50.551  11.162 476.578
 50.651  11.139 476.630
 50.751  11.115 476.682
 50.851  11.092 476.734
 50.951  11.068 476.786
 51.051  11.045 476.837
 51.151  11.022 476.888
 51.251  10.999 476.939
 51.351  10.976 476.990
 51.451  10.953 477.040
 51.552  10.930 477.090
 51.652  10.907 477.140
 51.752  10.885 477.190
 51.852  10.862 477.240
 51.952  10.840 477.289
 52.052  10.817 477.338
 52.152  10.795 477.387
 52.252  10.773 477.436
 52.352  10.751 477.485
 52.452  10.729 477.533
 52.553  10.707 477.581
 52.653  10.685 477.629
 52.753  10.663 477.677
 52.853  10.642 477.725
 52.953  10.620 477.772
 53.053  10.598 477.819
 53.153  10.577 477.866
 53.253  10.556 477.913
 53.353  10.535 477.959
 53.453  10.513 478.006
 53.554  10.492 478.052
 53.654  10.471 478.098
 53.754  10.450 478.144
 53.854  10.430 478.189
 53.954  10.409 478.235
 54.054  10.388 478.280
 54.154  10.368 478.325
 54.254  10.347 478.370
 54.354  10.327 478.415
 54.454  10.306 478.459
 54.555  10.286 478.504
 54.655  10.266 478.548
 54.755  10.246 478.592
 54.855  10.226 478.636
 54.955  10.206 478.679
 55.055  10.186 478.723
 55.155  10.166 478.766
 55.255  10.146 478.809
 55.355  10.127 478.852
 55.455  10.107 478.895
 55.556  10.088 478.938
 55.656  10.068 478.980
 55.756  10.049 479.022
 55.856  10.029 479.064
 55.956  10.010 479.106
 56.056   9.991 479.148
 56.156   9.972 479.190
 56.256   9.953 479.231
 56.356   9.934 479.273
 56.456   9.915 479.314
 56.557   9.896 479.355
 56.657   9.878 479.396
 56.757   9.859 479.436
 56.857   9.840 479.477
 56.957   9.822 479.517
 57.057   9.803 479.557
 57.157   9.785 479.597
 57.257   9.767 479.637
 57.357   9.748 479.677
 57.457   9.730 479.717
 57.558   9.712 479.756
 57.658   9.694 479.795
 57.758   9.676 479.834
 57.858   9.658 479.873
 57.958   9.640 479.912
 58.058   9.623 479.951
 58.158   9.605 479.989
 58.258   9.587 480.028
 58.358   9.570 480.066
 58.458   9.552 480.104
 58.559   9.535 480.142
 58.659   9.517 480.180
 58.759   9.500 480.218
 58.859   9.482 480.255
 58.959   9.465 480.293
 59.059   9.448 480.330
 59.159   9.431 480.367
 59.259   9.414 480.404
 59.359   9.397 480.441
 59.459   9.380 480.478
 59.560   9.363 480.514
 59.660   9.346 480.551
 59.760   9.330 480.587
 59.860   9.313 480.623
 59.960   9.296 480.659
 60.060   9.280 480.695
 60.160   9.263 480.731
 60.260   9.247 480.767
 60.360   9.230 480.802
 60.460   9.214 480.838
 60.561   9.198 480.873
 60.661   9.181 480.908
 60.761   9.165 480.943
 60.861   9.149 480.978
 60.961   9.133 481.013
 61.061   9.117 481.048
 61.161   9.101 481.082
 61.261   9.085 481.116
 61.361   9.069 481.151
 61.461   9.054 481.185
 61.562   9.038 481.219
 61.662   9.022 481.253
 61.762   9.006 481.287
 61.862   8.991 481.320
 61.962   8.975 481.354
 62.062   8.960 481.387
 62.162   8.944 481.421
 62.262   8.929 481.454
 62.362   8.914 481.487
 62.462   8.898 481.520
 62.563   8.883 481.553
 62.663   8.868 481.586
 62.763   8.853 481.618
 62.863   8.838 481.651
 62.963   8.823 481.683
 63.063   8.808 481.715
 63.163   8.793 481.748
 63.263   8.778 481.780
 63.363   8.763 481.812
 63.463   8.749 481.844
 63.564   8.734 481.875
 63.664   8.719 481.907
 63.764   8.705 481.938
 63.864   8.690 481.970
 63.964   8.675 482.001
 64.064   8.661 482.032
 64.164   8.647 482.064
 64.264   8.632 482.095
 64.364   8.618 482.125
 64.464   8.604 482.156
 64.565   8.589 482.187
 64.665   8.575 482.217
 64.765   8.561 482.248
 64.865   8.547 482.278
 64.965   8.533 482.309
 65.065   8.519 482.339
 65.165   8.505 482.369
 65.265   8.491 482.399
 65.365   8.477 482.429
 65.465   8.463 482.458
 65.566   8.449 482.488
 65.666   8.436 482.518
 65.766   8.422 482.547
 65.866   8.408 482.577
 65.966   8.395 482.606
 66.066   8.381 482.635
 66.166   8.367 482.664
 66.266   8.354 482.693
 66.366   8.340 482.722
 66.466   8.327 482.751
 66.567   8.314 482.779
 66.667   8.300 482.808
 66.767   8.287 482.837
 66.867   8.274 482.865
 66.967   8.261 482.893
 67.067   8.248 482.922
 67.167   8.234 482.950
 67.267   8.221 482.978
 67.367   8.208 483.006
 67.467   8.195 483.034
 67.568   8.182 483.061
 67.668   8.169 483.089
 67.768   8.157 483.117
 67.868   8.144 483.144
 67.968   8.131 483.172
 68.068   8.118 483.199
 68.168   8.105 483.226
 68.268   8.093 483.254
 68.368   8.080 483.281
 68.468   8.068 483.308
 68.569   8.055 483.335
 68.669   8.042 483.361
 68.769   8.030 483.388
 68.869   8.018 483.415
 68.969   8.005 483.441
 69.069   7.993 483.468
 69.169   7.980 483.494
 69.269   7.968 483.521
 69.369   7.956 483.547
 69.469   7.944 483.573
 69.570   7.931 483.599
 69.670   7.919 483.625
 69.770   7.907 483.651
 69.870   7.895 483.677
 69.970   7.883 483.703
 70.070   7.871 483.728
 70.170   7.859 483.754
 70.270   7.847 483.779
 70.370   7.835 483.805
 70.470   7.823 483.830
 70.571   7.812 483.856
 70.671   7.800 483.881
 70.771   7.788 483.906
 70.871   7.776 483.931
 70.971   7.765 483.956
 71.071   7.753 483.981
 71.171   7.741 484.006
 71.271   7.730 484.030
 71.371   7.718 484.055
 71.471   7.707 484.080
 71.572   7.695 484.104
 71.672   7.684 484.129
 71.772   7.672 484.153
 71.872   7.661 484.177
 71.972   7.650 484.202
 72.072   7.638 484.226
 72.172   7.627 484.250
 72.272   7.616 484.274
 72.372   7.605 484.298
 72.472   7.593 484.322
 72.573   7.582 484.345
 72.673   7.571 484.369
 72.773   7.560 484.393
 72.873   7.549 484.416
 72.973   7.538 484.440
 73.073   7.527 484.463
 73.173   7.516 484.487
 73.273   7.505 484.510
 73.373   7.494 484.533
 73.473   7.483 484.556
 73.574   7.472 484.580
 73.674   7.462 484.603
 73.774   7.451 484.626
 73.874   7.440 484.648
 73.974   7.429 484.671
 74.074   7.419 484.694
 74.174   7.408 484.717
 74.274   7.397 484.739
 74.374   7.387 484.762
 74.474   7.376 484.784
 74.575   7.366 484.807
 74.675   7.355 484.829
 74.775   7.345 484.852
 74.875   7.334 484.874
 74.975   7.324 484.896
 75.075   7.313 484.918
 75.175   7.303 484.940
 75.275   7.293 484.962
 75.375   7.282 484.984
 75.475   7.272 485.006
 75.576   7.262 485.028
 75.676   7.252 485.049
 75.776   7.242 485.071
 75.876   7.231 485.093
 75.976   7.221 485.114
 76.076   7.211 485.136
 76.176   7.201 485.157
 76.276   7.191 485.179
 76.376   7.181 485.200
 76.476   7.171 485.221
 76.577   7.161 485.242
 76.677   7.151 485.263
 76.777   7.141 485.285
 76.877   7.131 485.306
 76.977   7.121 485.326
 77.077   7.112 485.347
 77.177   7.102 485.368
 77.277   7.092 485.389
 77.377   7.082 485.410
 77.477   7.073 485.430
 77.578   7.063 485.451
 77.678   7.053 485.472
 77.778   7.044 485.492
 77.878   7.034 485.512
 77.978   7.024 485.533
 78.078   7.015 485.553
 78.178   7.005 485.573
 78.278   6.996 485.594
 78.378   6.986 485.614
 78.478   6.977 485.634
 78.579   6.967 485.654
 78.679   6.958 485.674
 78.779   6.948 485.694
 78.879   6.939 485.714
 78.979   6.930 485.733
 79.079   6.920 485.753
 79.179   6.911 485.773
 79.279   6.902 485.793
 79.379   6.893 485.812
 79.479   6.883 485.832
 79.580   6.874 485.851
 79.680   6.865 485.871
 79.780   6.856 485.890
 79.880   6.847 485.909
 79.980   6.838 485.929
 80.080   6.829 485.948
 80.180   6.820 485.967
 80.280   6.810 485.986
 80.380   6.801 486.005
 80.480   6.792 486.024
 80.581   6.784 486.043
 80.681   6.775 486.062
 80.781   6.766 486.081
 80.881   6.757 486.100
 80.981   6.748 486.119
 81.081   6.739 486.138
 81.181   6.730 486.156
 81.281   6.721 486.175
 81.381   6.713 486.193
 81.481   6.704 486.212
 81.582   6.695 486.230
 81.682   6.686 486.249
 81.782   6.678 486.267
 81.882   6.669 486.286
 81.982   6.660 486.304
 82.082   6.652 486.322
 82.182   6.643 486.340
 82.282   6.635 486.358
 82.382   6.626 486.377
 82.482   6.618 486.395
 82.583   6.609 486.413
 82.683   6.601 486.431
 82.783   6.592 486.448
 82.883   6.584 486.466
 82.983   6.575 486.484
 83.083   6.567 486.502
 83.183   6.558 486.520
 83.283   6.550 486.537
 83.383   6.542 486.555
 83.483   6.533 486.572
 83.584   6.525 486.590
 83.684   6.517 486.608
 83.784   6.509 486.625
 83.884   6.500 486.642
 83.984   6.492 486.660
 84.084   6.484 486.677
 84.184   6.476 486.694
 84.284   6.468 486.712
 84.384   6.460 486.729
 84.484   6.451 486.746
 84.585   6.443 486.763
 84.685   6.435 486.780
 84.785   6.427 486.797
 84.885   6.419 486.814
 84.985   6.411 486.831
 85.085   6.403 486.848
 85.185   6.395 486.865
 85.285   6.387 486.881
 85.385   6.379 486.898
 85.485   6.371 486.915
 85.586   6.363 486.932
 85.686   6.356 486.948
 85.786   6.348 486.965
 85.886   6.340 486.981
 85.986   6.332 486.998
 86.086   6.324 487.014
 86.186   6.316 487.031
 86.286   6.309 487.047
 86.386   6.301 487.063
 86.486   6.293 487.080
 86.587   6.285 487.096
 86.687   6.278 487.112
 86.787   6.270 487.128
 86.887   6.262 487.145
 86.987   6.255 487.161
 87.087   6.247 487.177
 87.187   6.240 487.193
 87.287   6.232 487.209
 87.387   6.224 487.225
 87.487   6.217 487.241
 87.588   6.209 487.256
 87.688   6.202 487.272
 87.788   6.194 487.288
 87.888   6.187 487.304
 87.988   6.179 487.319
 88.088   6.172 487.335
 88.188   6.165 487.351
 88.288   6.157 487.366
 88.388   6.150 487.382
 88.488   6.142 487.397
 88.589   6.135 487.413
 88.689   6.128 487.428
 88.789   6.120 487.444
 88.889   6.113 487.459
 88.989   6.106 487.474
 89.089   6.099 487.490
 89.189   6.091 487.505
 89.289   6.084 487.520
 89.389   6.077 487.535
 89.489   6.070 487.551
 89.590   6.063 487.566
 89.690   6.055 487.581
 89.790   6.048 487.596
 89.890   6.041 487.611
 89.990   6.034 487.626
 90.090   6.027 487.641
 90.190   6.020 487.656
 90.290   6.013 487.670
 90.390   6.006 487.685
 90.490   5.999 487.700
 90.591   5.992 487.715
 90.691   5.985 487.729
 90.791   5.978 487.744
 90.891   5.971 487.759
 90.991   5.964 487.773
 91.091   5.957 487.788
 91.191   5.950 487.803
 91.291   5.943 487.817
 91.391   5.936 487.832
 91.491   5.929 487.846
 91.592   5.922 487.860
 91.692   5.916 487.875
 91.792   5.909 487.889
 91.892   5.902 487.903
 91.992   5.895 487.918
 92.092   5.888 487.932
 92.192   5.882 487.946
 92.292   5.875 487.960
 92.392   5.868 487.974
 92.492   5.861 487.989
 92.593   5.855 488.003
 92.693   5.848 488.017
 92.793   5.841 488.031
 92.893   5.835 488.045
 92.993   5.828 488.059
 93.093   5.821 488.073
 93.193   5.815 488.086
 93.293   5.808 488.100
 93.393   5.802 488.114
 93.493   5.795 488.128
 93.594   5.789 488.142
 93.694   5.782 488.155
 93.794   5.775 488.169
 93.894   5.769 488.183
 93.994   5.762 488.196
 94.094   5.756 488.210
 94.194   5.750 488.224
 94.294   5.743 488.237
 94.394   5.737 488.251
 94.494   5.730 488.264
 94.595   5.724 488.278
 94.695   5.717 488.291
 94.795   5.711 488.304
 94.895   5.705 488.318
 94.995   5.698 488.331
 95.095   5.692 488.344
 95.195   5.686 488.358
 95.295   5.679 488.371
 95.395   5.673 488.384
 95.495   5.667 488.397
 95.596   5.660 488.410
 95.696   5.654 488.424
 95.796   5.648 488.437
 95.896   5.642 488.450
 95.996   5.636 488.463
 96.096   5.629 488.476
 96.196   5.623 488.489
 96.296   5.617 488.502
 96.396   5.611 488.515
 96.496   5.605 488.527
 96.597   5.599 488.540
 96.697   5.592 488.553
 96.797   5.586 488.566
 96.897   5.580 488.579
 96.997   5.574 488.591
 97.097   5.568 488.604
 97.197   5.562 488.617
 97.297   5.556 488.629
 97.397   5.550 488.642
 97.497   5.544 488.655
 97.598   5.538 488.667
 97.698   5.532 488.680
 97.798   5.526 488.692
 97.898   5.520 488.705
 97.998   5.514 488.717
 98.098   5.508 488.730
 98.198   5.502 488.742
 98.298   5.496 488.755
 98.398   5.490 488.767
 98.498   5.484 488.779
 98.599   5.479 488.792
 98.699   5.473 488.804
 98.799   5.467 488.816
 98.899   5.461 488.828
 98.999   5.455 488.841
 99.099   5.449 488.853
 99.199   5.444 488.865
 99.299   5.438 488.877
 99.399   5.432 488.889
 99.499   5.426 488.901
 99.600   5.420 488.913
 99.700   5.415 488.925
 99.800   5.409 488.937
 99.900   5.403 488.949
100.000   5.398 488.961
