# ALPHA_1 0.002
# ALPHA_2 0.001
# BETTA_1 0.004
# BETTA_2 0.001
# GAMMA_1 0.500
# GAMMA_2 0.500
# Y0 139.000
# Z0 139.000
# X_BEG 0.000
# X_END 100.000
# XDOTS_NUM 1000
# DX 0.100
  0.000 139.000 139.000
  0.100 136.377 140.189
  0.200 133.924 141.442
  0.300 131.623 142.756
  0.400 129.460 144.127
  0.501 127.421 145.552
  0.601 125.496 147.029
  0.701 123.674 148.553
  0.801 121.946 150.124
  0.901 120.305 151.738
  1.001 118.742 153.394
  1.101 117.251 155.088
  1.201 115.827 156.821
  1.301 114.464 158.589
  1.401 113.157 160.392
  1.502 111.902 162.227
  1.602 110.695 164.093
  1.702 109.533 165.988
  1.802 108.411 167.912
  1.902 107.327 169.863
  2.002 106.279 171.839
  2.102 105.264 173.839
  2.202 104.279 175.863
  2.302 103.322 177.908
  2.402 102.392 179.974
  2.503 101.486 182.060
  2.603 100.603 184.164
  2.703  99.742 186.286
  2.803  98.900 188.424
  2.903  98.078 190.578
  3.003  97.272 192.745
  3.103  96.484 194.926
  3.203  95.710 197.120
  3.303  94.951 199.325
  3.403  94.206 201.540
  3.504  93.473 203.765
  3.604  92.752 205.998
  3.704  92.043 208.239
  3.804  91.344 210.487
  3.904  90.655 212.740
  4.004  89.976 214.999
  4.104  89.306 217.262
  4.204  88.644 219.528
  4.304  87.991 221.796
  4.404  87.345 224.066
  4.505  86.706 226.337
  4.605  86.075 228.609
  4.705  85.450 230.879
  4.805  84.831 233.148
  4.905  84.219 235.415
  5.005  83.612 237.680
  5.105  83.011 239.940
  5.205  82.416 242.197
  5.305  81.826 244.448
  5.405  81.240 246.694
  5.506  80.660 248.933
  5.606  80.085 251.166
  5.706  79.514 253.392
  5.806  78.947 255.609
  5.906  78.385 257.818
  6.006  77.827 260.017
  6.106  77.274 262.207
  6.206  76.724 264.387
  6.306  76.179 266.556
  6.406  75.637 268.714
  6.507  75.100 270.860
  6.607  74.566 272.995
  6.707  74.036 275.116
  6.807  73.510 277.225
  6.907  72.987 279.321
  7.007  72.468 281.402
  7.107  71.953 283.470
  7.207  71.441 285.524
  7.307  70.933 287.563
  7.407  70.429 289.586
  7.508  69.928 291.595
  7.608  69.431 293.588
  7.708  68.937 295.565
  7.808  68.447 297.527
  7.908  67.960 299.472
  8.008  67.476 301.400
  8.108  66.996 303.312
  8.208  66.520 305.207
  8.308  66.047 307.085
  8.408  65.578 308.946
  8.509  65.112 310.790
  8.609  64.649 312.616
  8.709  64.190 314.425
  8.809  63.734 316.217
  8.909  63.282 317.990
  9.009  62.833 319.746
  9.109  62.388 321.485
  9.209  61.946 323.205
  9.309  61.507 324.908
  9.409  61.072 326.593
  9.510  60.641 328.259
  9.610  60.213 329.909
  9.710  59.788 331.540
  9.810  59.366 333.153
  9.910  58.949 334.749
 10.010  58.534 336.327
 10.110  58.123 337.887
 10.210  57.715 339.430
 10.310  57.311 340.954
 10.410  56.910 342.462
 10.511  56.512 343.952
 10.611  56.118 345.425
 10.711  55.727 346.880
 10.811  55.339 348.318
 10.911  54.955 349.739
 11.011  54.574 351.143
 11.111  54.196 352.531
 11.211  53.822 353.901
 11.311  53.451 355.255
 11.411  53.083 356.593
 11.512  52.718 357.914
 11.612  52.357 359.219
 11.712  51.999 360.508
 11.812  51.644 361.781
 11.912  51.292 363.038
 12.012  50.943 364.280
 12.112  50.598 365.506
 12.212  50.255 366.716
 12.312  49.916 367.912
 12.412  49.580 369.092
 12.513  49.247 370.258
 12.613  48.917 371.409
 12.713  48.590 372.545
 12.813  48.266 373.667
 12.913  47.945 374.774
 13.013  47.627 375.868
 13.113  47.312 376.947
 13.213  47.000 378.013
 13.313  46.691 379.065
 13.413  46.385 380.104
 13.514  46.082 381.129
 13.614  45.781 382.142
 13.714  45.483 383.141
 13.814  45.189 384.128
 13.914  44.897 385.102
 14.014  44.607 386.064
 14.114  44.321 387.013
 14.214  44.037 387.950
 14.314  43.755 388.875
 14.414  43.477 389.788
 14.515  43.201 390.690
 14.615  42.928 391.580
 14.715  42.657 392.459
 14.815  42.389 393.327
 14.915  42.123 394.183
 15.015  41.860 395.029
 15.115  41.600 395.864
 15.215  41.342 396.688
 15.315  41.086 397.502
 15.415  40.833 398.306
 15.516  40.582 399.099
 15.616  40.334 399.883
 15.716  40.088 400.656
 15.816  39.844 401.420
 15.916  39.603 402.174
 16.016  39.364 402.919
 16.116  39.127 403.655
 16.216  38.893 404.381
 16.316  38.660 405.099
 16.416  38.430 405.807
 16.517  38.202 406.507
 16.617  37.977 407.198
 16.717  37.753 407.880
 16.817  37.532 408.555
 16.917  37.312 409.220
 17.017  37.095 409.878
 17.117  36.879 410.528
 17.217  36.666 411.170
 17.317  36.455 411.804
 17.417  36.246 412.430
 17.518  36.038 413.049
 17.618  35.833 413.660
 17.718  35.629 414.264
 17.818  35.428 414.861
 17.918  35.228 415.450
 18.018  35.030 416.033
 18.118  34.834 416.609
 18.218  34.640 417.177
 18.318  34.448 417.740
 18.418  34.257 418.295
 18.519  34.068 418.844
 18.619  33.881 419.387
 18.719  33.696 419.923
 18.819  33.512 420.453
 18.919  33.330 420.977
 19.019  33.150 421.495
 19.119  32.971 422.007
 19.219  32.794 422.513
 19.319  32.619 423.014
 19.419  32.445 423.508
 19.520  32.273 423.997
 19.620  32.102 424.481
 19.720  31.933 424.959
 19.820  31.765 425.432
 19.920  31.599 425.899
 20.020  31.434 426.361
 20.120  31.271 426.819
 20.220  31.109 427.271
 20.320  30.949 427.718
 20.420  30.790 428.160
 20.521  30.633 428.597
 20.621  30.477 429.030
 20.721  30.322 429.458
 20.821  30.168 429.881
 20.921  30.016 430.299
 21.021  29.866 430.714
 21.121  29.716 431.123
 21.221  29.568 431.529
 21.321  29.422 431.930
 21.421  29.276 432.327
 21.522  29.132 432.719
 21.622  28.989 433.108
 21.722  28.847 433.492
 21.822  28.707 433.873
 21.922  28.567 434.249
 22.022  28.429 434.622
 22.122  28.292 434.991
 22.222  28.156 435.355
 22.322  28.022 435.717
 22.422  27.888 436.074
 22.523  27.756 436.428
 22.623  27.625 436.779
 22.723  27.494 437.125
 22.823  27.365 437.469
 22.923  27.237 437.809
 23.023  27.110 438.145
 23.123  26.984 438.478
 23.223  26.860 438.808
 23.323  26.736 439.135
 23.423  26.613 439.458
 23.524  26.491 439.778
 23.624  26.370 440.096
 23.724  26.250 440.410
 23.824  26.132 440.721
 23.924  26.014 441.029
 24.024  25.897 441.334
 24.124  25.781 441.636
 24.224  25.666 441.935
 24.324  25.552 442.232
 24.424  25.438 442.525
 24.525  25.326 442.816
 24.625  25.215 443.104
 24.725  25.104 443.390
 24.825  24.995 443.673
 24.925  24.886 443.953
 25.025  24.778 444.230
 25.125  24.671 444.505
 25.225  24.565 444.778
 25.325  24.459 445.048
 25.425  24.355 445.316
 25.526  24.251 445.581
 25.626  24.148 445.843
 25.726  24.046 446.104
 25.826  23.944 446.362
 25.926  23.844 446.618
 26.026  23.744 446.871
 26.126  23.645 447.122
 26.226  23.546 447.371
 26.326  23.449 447.618
 26.426  23.352 447.863
 26.527  23.256 448.105
 26.627  23.160 448.346
 26.727  23.066 448.584
 26.827  22.972 448.820
 26.927  22.879 449.055
 27.027  22.786 449.287
 27.127  22.694 449.517
 27.227  22.603 449.745
 27.327  22.512 449.972
 27.427  22.423 450.196
 27.528  22.333 450.419
 27.628  22.245 450.639
 27.728  22.157 450.858
 27.828  22.070 451.075
 27.928  21.983 451.290
 28.028  21.897 451.504
 28.128  21.812 451.715
 28.228  21.727 451.925
 28.328  21.643 452.133
 28.428  21.559 452.340
 28.529  21.476 452.545
 28.629  21.394 452.748
 28.729  21.312 452.949
 28.829  21.231 453.149
 28.929  21.150 453.347
 29.029  21.070 453.544
 29.129  20.991 453.739
 29.229  20.912 453.933
 29.329  20.833 454.125
 29.429  20.756 454.315
 29.530  20.678 454.505
 29.630  20.602 454.692
 29.730  20.525 454.878
 29.830  20.450 455.063
 29.930  20.374 455.246
 30.030  20.300 455.428
 30.130  20.225 455.608
 30.230  20.152 455.787
 30.330  20.079 455.965
 30.430  20.006 456.141
 30.531  19.934 456.316
 30.631  19.862 456.490
 30.731  19.791 456.662
 30.831  19.720 456.833
 30.931  19.650 457.003
 31.031  19.580 457.172
 31.131  19.511 457.339
 31.231  19.442 457.505
 31.331  19.373 457.670
 31.431  19.306 457.833
 31.532  19.238 457.996
 31.632  19.171 458.157
 31.732  19.104 458.317
 31.832  19.038 458.476
 31.932  18.972 458.633
 32.032  18.907 458.790
 32.132  18.842 458.945
 32.232  18.778 459.099
 32.332  18.713 459.253
 32.432  18.650 459.405
 32.533  18.586 459.556
 32.633  18.524 459.706
 32.733  18.461 459.855
 32.833  18.399 460.002
 32.933  18.337 460.149
 33.033  18.276 460.295
 33.133  18.215 460.440
 33.233  18.155 460.584
 33.333  18.094 460.726
 33.433  18.035 460.868
 33.534  17.975 461.009
 33.634  17.916 461.149
 33.734  17.858 461.288
 33.834  17.799 461.426
 33.934  17.741 461.563
 34.034  17.684 461.699
 34.134  17.627 461.834
 34.234  17.570 461.968
 34.334  17.513 462.101
 34.434  17.457 462.234
 34.535  17.401 462.365
 34.635  17.346 462.496
 34.735  17.290 462.626
 34.835  17.235 462.755
 34.935  17.181 462.883
 35.035  17.127 463.010
 35.135  17.073 463.136
 35.235  17.019 463.262
 35.335  16.966 463.387
 35.435  16.913 463.511
 35.536  16.861 463.634
 35.636  16.808 463.756
 35.736  16.756 463.878
 35.836  16.705 463.999
 35.936  16.653 464.119
 36.036  16.602 464.238
 36.136  16.551 464.356
 36.236  16.501 464.474
 36.336  16.451 464.591
 36.436  16.401 464.707
 36.537  16.351 464.823
 36.637  16.302 464.938
 36.737  16.253 465.052
 36.837  16.204 465.165
 36.937  16.156 465.278
 37.037  16.107 465.390
 37.137  16.059 465.501
 37.237  16.012 465.611
 37.337  15.964 465.721
 37.437  15.917 465.831
 37.538  15.870 465.939
 37.638  15.824 466.047
 37.738  15.777 466.154
 37.838  15.731 466.261
 37.938  15.685 466.367
 38.038  15.640 466.472
 38.138  15.595 466.577
 38.238  15.549 466.681
 38.338  15.505 466.784
 38.438  15.460 466.887
 38.539  15.416 466.989
 38.639  15.372 467.091
 38.739  15.328 467.192
 38.839  15.284 467.292
 38.939  15.241 467.392
 39.039  15.198 467.491
 39.139  15.155 467.590
 39.239  15.112 467.688
 39.339  15.070 467.785
 39.439  15.027 467.882
 39.540  14.985 467.978
 39.640  14.944 468.074
 39.740  14.902 468.169
 39.840  14.861 468.264
 39.940  14.820 468.358
 40.040  14.779 468.452
 40.140  14.738 468.545
 40.240  14.698 468.638
 40.340  14.657 468.730
 40.440  14.617 468.821
 40.541  14.578 468.912
 40.641  14.538 469.003
 40.741  14.498 469.092
 40.841  14.459 469.182
 40.941  14.420 469.271
 41.041  14.381 469.359
 41.141  14.343 469.447
 41.241  14.304 469.535
 41.341  14.266 469.622
 41.441  14.228 469.708
 41.542  14.190 469.794
 41.642  14.153 469.880
 41.742  14.115 469.965
 41.842  14.078 470.050
 41.942  14.041 470.134
 42.042  14.004 470.218
 42.142  13.968 470.301
 42.242  13.931 470.384
 42.342  13.895 470.466
 42.442  13.859 470.548
 42.543  13.823 470.630
 42.643  13.787 470.711
 42.743  13.751 470.791
 42.843  13.716 470.871
 42.943  13.681 470.951
 43.043  13.645 471.031
 43.143  13.611 471.109
 43.243  13.576 471.188
 43.343  13.541 471.266
 43.443  13.507 471.344
 43.544  13.473 471.421
 43.644  13.439 471.498
 43.744  13.405 471.574
 43.844  13.371 471.651
 43.944  13.337 471.726
 44.044  13.304 471.802
 44.144  13.271 471.876
 44.244  13.238 471.951
 44.344  13.205 472.025
 44.444  13.172 472.099
 44.545  13.139 472.172
 44.645  13.107 472.245
 44.745  13.075 472.318
 44.845  13.043 472.390
 44.945  13.011 472.462
 45.045  12.979 472.534
 45.145  12.947 472.605
 45.245  12.916 472.676
 45.345  12.884 472.746
 45.445  12.853 472.816
 45.546  12.822 472.886
 45.646  12.791 472.955
 45.746  12.760 473.025
 45.846  12.729 473.093
 45.946  12.699 473.162
 46.046  12.668 473.230
 46.146  12.638 473.297
 46.246  12.608 473.365
 46.346  12.578 473.432
 46.446  12.548 473.499
 46.547  12.519 473.565
 46.647  12.489 473.631
 46.747  12.460 473.697
 46.847  12.430 473.762
 46.947  12.401 473.828
 47.047  12.372 473.892
 47.147  12.343 473.957
 47.247  12.315 474.021
 47.347  12.286 474.085
 47.447  12.257 474.149
 47.548  12.229 474.212
 47.648  12.201 474.275
 47.748  12.173 474.338
 47.848  12.145 474.400
 47.948  12.117 474.462
 48.048  12.089 474.524
 48.148  12.061 474.585
 48.248  12.034 474.647
 48.348  12.007 474.707
 48.448  11.979 474.768
 48.549  11.952 474.829
 48.649  11.925 474.889
 48.749  11.898 474.948
 48.849  11.871 475.008
 48.949  11.845 475.067
 49.049  11.818 475.126
 49.149  11.792 475.185
 49.249  11.765 475.243
 49.349  11.739 475.302
 49.449  11.713 475.359
 49.550  11.687 475.417
 49.650  11.661 475.474
 49.750  11.635 475.532
 49.850  11.610 475.588
 49.950  11.584 475.645
 50.050  11.559 475.701
 50.150  11.534 475.758
 50.250  11.508 475.813
 50.350  11.483 475.869
 50.450  11.458 475.924
 50.551  11.433 475.979
 50.651  11.408 476.034
 50.751  11.384 476.089
 50.851  11.359 476.143
 50.951  11.335 476.197
 51.051  11.310 476.251
 51.151  11.286 476.305
 51.251  11.262 476.358
 51.351  11.238 476.412
 51.451  11.214 476.465
 51.552  11.190 476.517
 51.652  11.166 476.570
 51.752  11.142 476.622
 51.852  11.119 476.674
 51.952  11.095 476.726
 52.052  11.072 476.777
 52.152  11.049 476.829
 52.252  11.025 476.880
 52.352  11.002 476.931
 52.452  10.979 476.982
 52.553  10.956 477.032
 52.653  10.934 477.082
 52.753  10.911 477.132
 52.853  10.888 477.182
 52.953  10.866 477.232
 53.053  10.843 477.281
 53.153  10.821 477.331
 53.253  10.799 477.380
 53.353  10.776 477.428
 53.453  10.754 477.477
 53.554  10.732 477.525
 53.654  10.710 477.574
 53.754  10.688 477.622
 53.854  10.667 477.669
 53.954  10.645 477.717
 54.054  10.623 477.764
 54.154  10.602 477.811
 54.254  10.581 477.858
 54.354  10.559 477.905
 54.454  10.538 477.952
 54.555  10.517 477.998
 54.655  10.496 478.045
 54.755  10.475 478.091
 54.855  10.454 478.136
 54.955  10.433 478.182
 55.055  10.412 478.228
 55.155  10.392 478.273
 55.255  10.371 478.318
 55.355  10.350 478.363
 55.455  10.330 478.408
 55.556  10.310 478.452
 55.656  10.289 478.497
 55.756  10.269 478.541
 55.856  10.249 478.585
 55.956  10.229 478.629
 56.056  10.209 478.672
 56.156  10.189 478.716
 56.256  10.169 478.759
 56.356  10.149 478.802
 56.456  10.130 478.845
 56.557  10.110 478.888
 56.657  10.091 478.931
 56.757  10.071 478.973
 56.857  10.052 479.016
 56.957  10.033 479.058
 57.057  10.013 479.100
 57.157   9.994 479.142
 57.257   9.975 479.183
 57.357   9.956 479.225
 57.457   9.937 479.266
 57.558   9.918 479.307
 57.658   9.899 479.348
 57.758   9.881 479.389
 57.858   9.862 479.430
 57.958   9.843 479.470
 58.058   9.825 479.511
 58.158   9.806 479.551
 58.258   9.788 479.591
 58.358   9.770 479.631
 58.458   9.751 479.671
 58.559   9.733 479.710
 58.659   9.715 479.750
 58.759   9.697 479.789
 58.859   9.679 479.828
 58.959   9.661 479.867
 59.059   9.643 479.906
 59.159   9.625 479.945
 59.259   9.608 479.983
 59.359   9.590 480.022
 59.459   9.572 480.060
 59.560   9.555 480.098
 59.660   9.537 480.136
 59.760   9.520 480.174
 59.860   9.503 480.212
 59.960   9.485 480.249
 60.060   9.468 480.287
 60.160   9.451 480.324
 60.260   9.434 480.361
 60.360   9.417 480.398
 60.460   9.400 480.435
 60.561   9.383 480.472
 60.661   9.366 480.508
 60.761   9.349 480.545
 60.861   9.332 480.581
 60.961   9.316 480.618
 61.061   9.299 480.654
 61.161   9.282 480.690
 61.261   9.266 480.725
 61.361   9.249 480.761
 61.461   9.233 480.797
 61.562   9.217 480.832
 61.662   9.200 480.867
 61.762   9.184 480.903
 61.862   9.168 480.938
 61.962   9.152 480.973
 62.062   9.136 481.007
 62.162   9.120 481.042
 62.262   9.104 481.077
 62.362   9.088 481.111
 62.462   9.072 481.145
 62.563   9.056 481.179
 62.663   9.040 481.214
 62.763   9.025 481.247
 62.863   9.009 481.281
 62.963   8.993 481.315
 63.063   8.978 481.349
 63.163   8.962 481.382
 63.263   8.947 481.415
 63.363   8.932 481.449
 63.463   8.916 481.482
 63.564   8.901 481.515
 63.664   8.886 481.548
 63.764   8.871 481.580
 63.864   8.855 481.613
 63.964   8.840 481.646
 64.064   8.825 481.678
 64.164   8.810 481.710
 64.264   8.795 481.743
 64.364   8.781 481.775
 64.464   8.766 481.807
 64.565   8.751 481.838
 64.665   8.736 481.870
 64.765   8.722 481.902
 64.865   8.707 481.933
 64.965   8.692 481.965
 65.065   8.678 481.996
 65.165   8.663 482.027
 65.265   8.649 482.059
 65.365   8.634 482.090
 65.465   8.620 482.120
 65.566   8.606 482.151
 65.666   8.592 482.182
 65.766   8.577 482.213
 65.866   8.563 482.243
 65.966   8.549 482.273
 66.066   8.535 482.304
 66.166   8.521 482.334
 66.266   8.507 482.364
 66.366   8.493 482.394
 66.466   8.479 482.424
 66.567   8.465 482.454
 66.667   8.451 482.483
 66.767   8.438 482.513
 66.867   8.424 482.542
 66.967   8.410 482.572
 67.067   8.397 482.601
 67.167   8.383 482.630
 67.267   8.370 482.659
 67.367   8.356 482.688
 67.467   8.343 482.717
 67.568   8.329 482.746
 67.668   8.316 482.775
 67.768   8.303 482.804
 67.868   8.289 482.832
 67.968   8.276 482.860
 68.068   8.263 482.889
 68.168   8.250 482.917
 68.268   8.237 482.945
 68.368   8.223 482.973
 68.468   8.210 483.001
 68.569   8.197 483.029
 68.669   8.184 483.057
 68.769   8.171 483.085
 68.869   8.159 483.112
 68.969   8.146 483.140
 69.069   8.133 483.167
 69.169   8.120 483.195
 69.269   8.107 483.222
 69.369   8.095 483.249
 69.469   8.082 483.276
 69.570   8.070 483.303
 69.670   8.057 483.330
 69.770   8.044 483.357
 69.870   8.032 483.384
 69.970   8.020 483.411
 70.070   8.007 483.437
 70.170   7.995 483.464
 70.270   7.982 483.490
 70.370   7.970 483.516
 70.470   7.958 483.543
 70.571   7.946 483.569
 70.671   7.933 483.595
 70.771   7.921 483.621
 70.871   7.909 483.647
 70.971   7.897 483.673
 71.071   7.885 483.699
 71.171   7.873 483.724
 71.271   7.861 483.750
 71.371   7.849 483.775
 71.471   7.837 483.801
 71.572   7.825 483.826
 71.672   7.813 483.851
 71.772   7.802 483.877
 71.872   7.790 483.902
 71.972   7.778 483.927
 72.072   7.767 483.952
 72.172   7.755 483.977
 72.272   7.743 484.002
 72.372   7.732 484.026
 72.472   7.720 484.051
 72.573   7.709 484.076
 72.673   7.697 484.100
 72.773   7.686 484.125
 72.873   7.674 484.149
 72.973   7.663 484.173
 73.073   7.651 484.198
 73.173   7.640 484.222
 73.273   7.629 484.246
 73.373   7.618 484.270
 73.473   7.606 484.294
 73.574   7.595 484.318
 73.674   7.584 484.342
 73.774   7.573 484.365
 73.874   7.562 484.389
 73.974   7.551 484.413
 74.074   7.540 484.436
 74.174   7.529 484.460
 74.274   7.518 484.483
 74.374   7.507 484.506
 74.474   7.496 484.530
 74.575   7.485 484.553
 74.675   7.474 484.576
 74.775   7.463 484.599
 74.875   7.453 484.622
 74.975   7.442 484.645
 75.075   7.431 484.668
 75.175   7.420 484.690
 75.275   7.410 484.713
 75.375   7.399 484.736
 75.475   7.389 484.758
 75.576   7.378 484.781
 75.676   7.367 484.803
 75.776   7.357 484.826
 75.876   7.346 484.848
 75.976   7.336 484.870
 76.076   7.326 484.892
 76.176   7.315 484.915
 76.276   7.305 484.937
 76.376   7.294 484.959
 76.476   7.284 484.981
 76.577   7.274 485.002
 76.677   7.264 485.024
 76.777   7.253 485.046
 76.877   7.243 485.068
 76.977   7.233 485.089
 77.077   7.223 485.111
 77.177   7.213 485.132
 77.277   7.203 485.154
 77.377   7.193 485.175
 77.477   7.183 485.196
 77.578   7.173 485.218
 77.678   7.163 485.239
 77.778   7.153 485.260
 77.878   7.143 485.281
 77.978   7.133 485.302
 78.078   7.123 485.323
 78.178   7.113 485.344
 78.278   7.103 485.365
 78.378   7.094 485.386
 78.478   7.084 485.406
 78.579   7.074 485.427
 78.679   7.064 485.448
 78.779   7.055 485.468
 78.879   7.045 485.489
 78.979   7.035 485.509
 79.079   7.026 485.530
 79.179   7.016 485.550
 79.279   7.007 485.570
 79.379   6.997 485.590
 79.479   6.988 485.610
 79.580   6.978 485.631
 79.680   6.969 485.651
 79.780   6.959 485.671
 79.880   6.950 485.691
 79.980   6.941 485.710
 80.080   6.931 485.730
 80.180   6.922 485.750
 80.280   6.913 485.770
 80.380   6.903 485.789
 80.480   6.894 485.809
 80.581   6.885 485.829
 80.681   6.876 485.848
 80.781   6.866 485.868
 80.881   6.857 485.887
 80.981   6.848 485.906
 81.081   6.839 485.926
 81.181   6.830 485.945
 81.281   6.821 485.964
 81.381   6.812 485.983
 81.481   6.803 486.002
 81.582   6.794 486.021
 81.682   6.785 486.040
 81.782   6.776 486.059
 81.882   6.767 486.078
 81.982   6.758 486.097
 82.082   6.749 486.116
 82.182   6.740 486.135
 82.282   6.732 486.153
 82.382   6.723 486.172
 82.482   6.714 486.190
 82.583   6.705 486.209
 82.683   6.697 486.227
 82.783   6.688 486.246
 82.883   6.679 486.264
 82.983   6.671 486.283
 83.083   6.662 486.301
 83.183   6.653 486.319
 83.283   6.645 486.337
 83.383   6.636 486.356
 83.483   6.628 486.374
 83.584   6.619 486.392
 83.684   6.610 486.410
 83.784   6.602 486.428
 83.884   6.594 486.446
 83.984   6.585 486.463
 84.084   6.577 486.481
 84.184   6.568 486.499
 84.284   6.560 486.517
 84.384   6.551 486.534
 84.484   6.543 486.552
 84.585   6.535 486.570
 84.685   6.526 486.587
 84.785   6.518 486.605
 84.885   6.510 486.622
 84.985   6.502 486.640
 85.085   6.493 486.657
 85.185   6.485 486.674
 85.285   6.477 486.692
 85.385   6.469 486.709
 85.485   6.461 486.726
 85.586   6.453 486.743
 85.686   6.445 486.760
 85.786   6.437 486.777
 85.886   6.428 486.794
 85.986   6.420 486.811
 86.086   6.412 486.828
 86.186   6.404 486.845
 86.286   6.396 486.862
 86.386   6.388 486.879
 86.486   6.381 486.896
 86.587   6.373 486.912
 86.687   6.365 486.929
 86.787   6.357 486.946
 86.887   6.349 486.962
 86.987   6.341 486.979
 87.087   6.333 486.995
 87.187   6.325 487.012
 87.287   6.318 487.028
 87.387   6.310 487.044
 87.487   6.302 487.061
 87.588   6.294 487.077
 87.688   6.287 487.093
 87.788   6.279 487.110
 87.888   6.271 487.126
 87.988   6.264 487.142
 88.088   6.256 487.158
 88.188   6.248 487.174
 88.288   6.241 487.190
 88.388   6.233 487.206
 88.488   6.226 487.222
 88.589   6.218 487.238
 88.689   6.211 487.254
 88.789   6.203 487.270
 88.889   6.196 487.285
 88.989   6.188 487.301
 89.089   6.181 487.317
 89.189   6.173 487.333
 89.289   6.166 487.348
 89.389   6.158 487.364
 89.489   6.151 487.379
 89.590   6.144 487.395
 89.690   6.136 487.410
 89.790   6.129 487.426
 89.890   6.122 487.441
 89.990   6.114 487.457
 90.090   6.107 487.472
 90.190   6.100 487.487
 90.290   6.093 487.503
 90.390   6.085 487.518
 90.490   6.078 487.533
 90.591   6.071 487.548
 90.691   6.064 487.563
 90.791   6.057 487.578
 90.891   6.049 487.593
 90.991   6.042 487.608
 91.091   6.035 487.623
 91.191   6.028 487.638
 91.291   6.021 487.653
 91.391   6.014 487.668
 91.491   6.007 487.683
 91.592   6.000 487.698
 91.692   5.993 487.712
 91.792   5.986 487.727
 91.892   5.979 487.742
 91.992   5.972 487.756
 92.092   5.965 487.771
 92.192   5.958 487.786
 92.292   5.951 487.800
 92.392   5.944 487.815
 92.492   5.937 487.829
 92.593   5.930 487.844
 92.693   5.924 487.858
 92.793   5.917 487.872
 92.893   5.910 487.887
 92.993   5.903 487.901
 93.093   5.896 487.915
 93.193   5.889 487.930
 93.293   5.883 487.944
 93.393   5.876 487.958
 93.493   5.869 487.972
 93.594   5.863 487.986
 93.694   5.856 488.000
 93.794   5.849 488.014
 93.894   5.842 488.028
 93.994   5.836 488.042
 94.094   5.829 488.056
 94.194   5.823 488.070
 94.294   5.816 488.084
 94.394   5.809 488.098
 94.494   5.803 488.112
 94.595   5.796 488.126
 94.695   5.790 488.139
 94.795   5.783 488.153
 94.895   5.777 488.167
 94.995   5.770 488.181
 95.095   5.764 488.194
 95.195   5.757 488.208
 95.295   5.751 488.221
 95.395   5.744 488.235
 95.495   5.738 488.248
 95.596   5.731 488.262
 95.696   5.725 488.275
 95.796   5.718 488.289
 95.896   5.712 488.302
 95.996   5.706 488.316
 96.096   5.699 488.329
 96.196   5.693 488.342
 96.296   5.687 488.355
 96.396   5.680 488.369
 96.496   5.674 488.382
 96.597   5.668 488.395
 96.697   5.661 488.408
 96.797   5.655 488.421
 96.897   5.649 488.434
 96.997   5.643 488.448
 97.097   5.637 488.461
 97.197   5.630 488.474
 97.297   5.624 488.487
 97.397   5.618 488.500
 97.497   5.612 488.512
 97.598   5.606 488.525
 97.698   5.600 488.538
 97.798   5.593 488.551
 97.898   5.587 488.564
 97.998   5.581 488.577
 98.098   5.575 488.589
 98.198   5.569 488.602
 98.298   5.563 488.615
 98.398   5.557 488.627
 98.498   5.551 488.640
 98.599   5.545 488.653
 98.699   5.539 488.665
 98.799   5.533 488.678
 98.899   5.527 488.690
 98.999   5.521 488.703
 99.099   5.515 488.715
 99.199   5.509 488.728
 99.299   5.503 488.740
 99.399   5.497 488.753
 99.499   5.491 488.765
 99.600   5.485 488.777
 99.700   5.480 488.790
 99.800   5.474 488.802
 99.900   5.468 488.814
100.000   5.462 488.826
