# ALPHA_1 0.002
# ALPHA_2 0.001
# BETTA_1 0.004
# BETTA_2 0.001
# GAMMA_1 0.500
# GAMMA_2 0.500
# Y0 31.000
# Z0 31.000
# X_BEG 0.000
# X_END 100.000
# XDOTS_NUM 1000
# DX 0.100
  0.000  31.000  31.000
  0.100  32.080  32.283
  0.200  33.179  33.608
  0.300  34.296  34.975
  0.400  35.430  36.384
  0.501  36.579  37.836
  0.601  37.743  39.331
  0.701  38.919  40.869
  0.801  40.106  42.451
  0.901  41.304  44.076
  1.001  42.510  45.745
  1.101  43.722  47.458
  1.201  44.940  49.214
  1.301  46.160  51.014
  1.401  47.382  52.856
  1.502  48.603  54.742
  1.602  49.822  56.671
  1.702  51.037  58.641
  1.802  52.245  60.654
  1.902  53.446  62.707
  2.002  54.636  64.801
  2.102  55.815  66.935
  2.202  56.980  69.109
  2.302  58.130  71.320
  2.402  59.262  73.569
  2.503  60.376  75.855
  2.603  61.469  78.176
  2.703  62.541  80.532
  2.803  63.589  82.922
  2.903  64.612  85.345
  3.003  65.609  87.799
  3.103  66.579  90.283
  3.203  67.520  92.797
  3.303  68.432  95.339
  3.403  69.313  97.908
  3.504  70.164 100.503
  3.604  70.982 103.122
  3.704  71.769 105.765
  3.804  72.522 108.430
  3.904  73.242 111.116
  4.004  73.928 113.822
  4.104  74.581 116.546
  4.204  75.199 119.288
  4.304  75.784 122.046
  4.404  76.335 124.819
  4.505  76.851 127.606
  4.605  77.335 130.406
  4.705  77.784 133.217
  4.805  78.201 136.039
  4.905  78.585 138.869
  5.005  78.937 141.709
  5.105  79.258 144.555
  5.205  79.547 147.407
  5.305  79.806 150.265
  5.405  80.035 153.127
  5.506  80.235 155.991
  5.606  80.406 158.858
  5.706  80.549 161.726
  5.806  80.665 164.594
  5.906  80.755 167.462
  6.006  80.819 170.328
  6.106  80.859 173.191
  6.206  80.874 176.052
  6.306  80.866 178.908
  6.406  80.836 181.759
  6.507  80.784 184.605
  6.607  80.711 187.444
  6.707  80.618 190.276
  6.807  80.506 193.100
  6.907  80.375 195.916
  7.007  80.226 198.722
  7.107  80.060 201.518
  7.207  79.877 204.304
  7.307  79.679 207.078
  7.407  79.466 209.841
  7.508  79.239 212.591
  7.608  78.997 215.328
  7.708  78.743 218.052
  7.808  78.477 220.761
  7.908  78.199 223.456
  8.008  77.910 226.136
  8.108  77.610 228.800
  8.208  77.300 231.448
  8.308  76.981 234.080
  8.408  76.653 236.695
  8.509  76.317 239.292
  8.609  75.972 241.872
  8.709  75.621 244.434
  8.809  75.262 246.977
  8.909  74.897 249.502
  9.009  74.526 252.007
  9.109  74.150 254.493
  9.209  73.768 256.960
  9.309  73.381 259.406
  9.409  72.990 261.833
  9.510  72.595 264.239
  9.610  72.197 266.624
  9.710  71.795 268.988
  9.810  71.390 271.332
  9.910  70.982 273.654
 10.010  70.571 275.955
 10.110  70.159 278.234
 10.210  69.745 280.491
 10.310  69.329 282.727
 10.410  68.911 284.941
 10.511  68.493 287.133
 10.611  68.074 289.303
 10.711  67.653 291.451
 10.811  67.233 293.577
 10.911  66.812 295.680
 11.011  66.391 297.761
 11.111  65.971 299.821
 11.211  65.550 301.857
 11.311  65.130 303.872
 11.411  64.710 305.865
 11.512  64.292 307.835
 11.612  63.874 309.783
 11.712  63.457 311.709
 11.812  63.041 313.613
 11.912  62.627 315.495
 12.012  62.214 317.356
 12.112  61.802 319.194
 12.212  61.392 321.011
 12.312  60.984 322.806
 12.412  60.577 324.580
 12.513  60.173 326.333
 12.613  59.770 328.064
 12.713  59.369 329.774
 12.813  58.971 331.463
 12.913  58.574 333.131
 13.013  58.180 334.779
 13.113  57.788 336.406
 13.213  57.398 338.013
 13.313  57.011 339.600
 13.413  56.626 341.166
 13.514  56.244 342.713
 13.614  55.864 344.240
 13.714  55.487 345.748
 13.814  55.112 347.236
 13.914  54.740 348.705
 14.014  54.371 350.155
 14.114  54.004 351.586
 14.214  53.640 352.999
 14.314  53.278 354.393
 14.414  52.920 355.770
 14.515  52.564 357.128
 14.615  52.211 358.468
 14.715  51.860 359.791
 14.815  51.513 361.097
 14.915  51.168 362.385
 15.015  50.826 363.656
 15.115  50.486 364.911
 15.215  50.150 366.149
 15.315  49.816 367.370
 15.415  49.485 368.576
 15.516  49.157 369.765
 15.616  48.832 370.939
 15.716  48.510 372.097
 15.816  48.190 373.239
 15.916  47.873 374.367
 16.016  47.559 375.479
 16.116  47.247 376.577
 16.216  46.938 377.660
 16.316  46.632 378.729
 16.416  46.329 379.784
 16.517  46.029 380.825
 16.617  45.731 381.852
 16.717  45.436 382.865
 16.817  45.143 383.865
 16.917  44.853 384.851
 17.017  44.566 385.825
 17.117  44.281 386.786
 17.217  43.999 387.734
 17.317  43.720 388.670
 17.417  43.443 389.593
 17.518  43.169 390.504
 17.618  42.897 391.404
 17.718  42.628 392.291
 17.818  42.361 393.167
 17.918  42.097 394.032
 18.018  41.835 394.885
 18.118  41.576 395.727
 18.218  41.319 396.558
 18.318  41.064 397.379
 18.418  40.812 398.189
 18.519  40.562 398.988
 18.619  40.315 399.777
 18.719  40.070 400.556
 18.819  39.827 401.325
 18.919  39.586 402.085
 19.019  39.348 402.834
 19.119  39.112 403.574
 19.219  38.878 404.305
 19.319  38.646 405.026
 19.419  38.417 405.739
 19.520  38.189 406.442
 19.620  37.964 407.137
 19.720  37.741 407.822
 19.820  37.520 408.500
 19.920  37.301 409.169
 20.020  37.084 409.829
 20.120  36.869 410.482
 20.220  36.656 411.126
 20.320  36.445 411.763
 20.420  36.236 412.391
 20.521  36.029 413.012
 20.621  35.824 413.626
 20.721  35.621 414.232
 20.821  35.420 414.830
 20.921  35.220 415.422
 21.021  35.023 416.006
 21.121  34.827 416.584
 21.221  34.633 417.154
 21.321  34.441 417.718
 21.421  34.250 418.275
 21.522  34.062 418.825
 21.622  33.875 419.369
 21.722  33.690 419.907
 21.822  33.506 420.438
 21.922  33.324 420.963
 22.022  33.144 421.482
 22.122  32.966 421.995
 22.222  32.789 422.502
 22.322  32.613 423.003
 22.422  32.440 423.499
 22.523  32.268 423.989
 22.623  32.097 424.473
 22.723  31.928 424.952
 22.823  31.760 425.425
 22.923  31.594 425.893
 23.023  31.430 426.356
 23.123  31.267 426.814
 23.223  31.105 427.266
 23.323  30.945 427.714
 23.423  30.786 428.157
 23.524  30.629 428.595
 23.624  30.473 429.028
 23.724  30.318 429.456
 23.824  30.165 429.879
 23.924  30.013 430.299
 24.024  29.862 430.713
 24.124  29.713 431.123
 24.224  29.565 431.529
 24.324  29.418 431.930
 24.424  29.273 432.327
 24.525  29.128 432.720
 24.625  28.986 433.109
 24.725  28.844 433.494
 24.825  28.703 433.874
 24.925  28.564 434.251
 25.025  28.426 434.624
 25.125  28.289 434.993
 25.225  28.153 435.358
 25.325  28.019 435.719
 25.425  27.885 436.077
 25.526  27.753 436.431
 25.626  27.622 436.782
 25.726  27.491 437.128
 25.826  27.362 437.472
 25.926  27.234 437.812
 26.026  27.107 438.149
 26.126  26.982 438.482
 26.226  26.857 438.812
 26.326  26.733 439.138
 26.426  26.610 439.462
 26.527  26.488 439.782
 26.627  26.368 440.099
 26.727  26.248 440.414
 26.827  26.129 440.725
 26.927  26.011 441.033
 27.027  25.894 441.338
 27.127  25.778 441.640
 27.227  25.663 441.939
 27.327  25.549 442.236
 27.427  25.436 442.530
 27.528  25.324 442.820
 27.628  25.212 443.109
 27.728  25.102 443.394
 27.828  24.992 443.677
 27.928  24.884 443.957
 28.028  24.776 444.235
 28.128  24.669 444.510
 28.228  24.562 444.782
 28.328  24.457 445.052
 28.428  24.352 445.320
 28.529  24.249 445.585
 28.629  24.146 445.848
 28.729  24.044 446.108
 28.829  23.942 446.366
 28.929  23.842 446.622
 29.029  23.742 446.875
 29.129  23.643 447.127
 29.229  23.544 447.376
 29.329  23.447 447.623
 29.429  23.350 447.867
 29.530  23.254 448.110
 29.630  23.159 448.350
 29.730  23.064 448.588
 29.830  22.970 448.825
 29.930  22.877 449.059
 30.030  22.784 449.291
 30.130  22.692 449.521
 30.230  22.601 449.749
 30.330  22.511 449.976
 30.430  22.421 450.200
 30.531  22.332 450.423
 30.631  22.243 450.643
 30.731  22.155 450.862
 30.831  22.068 451.079
 30.931  21.981 451.294
 31.031  21.895 451.508
 31.131  21.810 451.719
 31.231  21.725 451.929
 31.331  21.641 452.137
 31.431  21.558 452.344
 31.532  21.475 452.549
 31.632  21.392 452.752
 31.732  21.310 452.953
 31.832  21.229 453.153
 31.932  21.149 453.351
 32.032  21.069 453.548
 32.132  20.989 453.743
 32.232  20.910 453.937
 32.332  20.832 454.129
 32.432  20.754 454.319
 32.533  20.677 454.508
 32.633  20.600 454.696
 32.733  20.524 454.882
 32.833  20.448 455.066
 32.933  20.373 455.250
 33.033  20.298 455.431
 33.133  20.224 455.612
 33.233  20.150 455.791
 33.333  20.077 455.968
 33.433  20.005 456.145
 33.534  19.932 456.320
 33.634  19.861 456.493
 33.734  19.789 456.666
 33.834  19.719 456.837
 33.934  19.648 457.006
 34.034  19.579 457.175
 34.134  19.509 457.342
 34.234  19.441 457.508
 34.334  19.372 457.673
 34.434  19.304 457.836
 34.535  19.237 457.999
 34.635  19.170 458.160
 34.735  19.103 458.320
 34.835  19.037 458.479
 34.935  18.971 458.636
 35.035  18.906 458.793
 35.135  18.841 458.948
 35.235  18.776 459.103
 35.335  18.712 459.256
 35.435  18.648 459.408
 35.536  18.585 459.559
 35.636  18.522 459.709
 35.736  18.460 459.858
 35.836  18.398 460.005
 35.936  18.336 460.152
 36.036  18.275 460.298
 36.136  18.214 460.443
 36.236  18.153 460.586
 36.336  18.093 460.729
 36.436  18.033 460.871
 36.537  17.974 461.012
 36.637  17.915 461.152
 36.737  17.856 461.290
 36.837  17.798 461.428
 36.937  17.740 461.565
 37.037  17.683 461.701
 37.137  17.625 461.836
 37.237  17.568 461.971
 37.337  17.512 462.104
 37.437  17.456 462.236
 37.538  17.400 462.368
 37.638  17.344 462.499
 37.738  17.289 462.628
 37.838  17.234 462.757
 37.938  17.180 462.885
 38.038  17.126 463.013
 38.138  17.072 463.139
 38.238  17.018 463.264
 38.338  16.965 463.389
 38.438  16.912 463.513
 38.539  16.860 463.636
 38.639  16.807 463.759
 38.739  16.755 463.880
 38.839  16.704 464.001
 38.939  16.652 464.121
 39.039  16.601 464.240
 39.139  16.550 464.359
 39.239  16.500 464.476
 39.339  16.450 464.593
 39.439  16.400 464.710
 39.540  16.350 464.825
 39.640  16.301 464.940
 39.740  16.252 465.054
 39.840  16.203 465.167
 39.940  16.155 465.280
 40.040  16.106 465.392
 40.140  16.058 465.503
 40.240  16.011 465.614
 40.340  15.963 465.724
 40.440  15.916 465.833
 40.541  15.869 465.941
 40.641  15.823 466.049
 40.741  15.776 466.156
 40.841  15.730 466.263
 40.941  15.685 466.369
 41.041  15.639 466.474
 41.141  15.594 466.579
 41.241  15.549 466.683
 41.341  15.504 466.786
 41.441  15.459 466.889
 41.542  15.415 466.991
 41.642  15.371 467.093
 41.742  15.327 467.194
 41.842  15.283 467.294
 41.942  15.240 467.394
 42.042  15.197 467.493
 42.142  15.154 467.592
 42.242  15.111 467.690
 42.342  15.069 467.787
 42.442  15.027 467.884
 42.543  14.985 467.980
 42.643  14.943 468.076
 42.743  14.901 468.171
 42.843  14.860 468.266
 42.943  14.819 468.360
 43.043  14.778 468.454
 43.143  14.737 468.547
 43.243  14.697 468.639
 43.343  14.657 468.731
 43.443  14.617 468.823
 43.544  14.577 468.914
 43.644  14.537 469.004
 43.744  14.498 469.094
 43.844  14.458 469.184
 43.944  14.419 469.273
 44.044  14.381 469.361
 44.144  14.342 469.449
 44.244  14.304 469.537
 44.344  14.265 469.624
 44.444  14.227 469.710
 44.545  14.190 469.796
 44.645  14.152 469.882
 44.745  14.115 469.967
 44.845  14.077 470.051
 44.945  14.040 470.136
 45.045  14.003 470.219
 45.145  13.967 470.303
 45.245  13.930 470.385
 45.345  13.894 470.468
 45.445  13.858 470.550
 45.546  13.822 470.631
 45.646  13.786 470.712
 45.746  13.751 470.793
 45.846  13.715 470.873
 45.946  13.680 470.953
 46.046  13.645 471.032
 46.146  13.610 471.111
 46.246  13.575 471.190
 46.346  13.541 471.268
 46.446  13.506 471.345
 46.547  13.472 471.423
 46.647  13.438 471.500
 46.747  13.404 471.576
 46.847  13.370 471.652
 46.947  13.337 471.728
 47.047  13.303 471.803
 47.147  13.270 471.878
 47.247  13.237 471.952
 47.347  13.204 472.027
 47.447  13.171 472.100
 47.548  13.139 472.174
 47.648  13.106 472.247
 47.748  13.074 472.319
 47.848  13.042 472.392
 47.948  13.010 472.464
 48.048  12.978 472.535
 48.148  12.946 472.606
 48.248  12.915 472.677
 48.348  12.884 472.748
 48.448  12.852 472.818
 48.549  12.821 472.887
 48.649  12.790 472.957
 48.749  12.759 473.026
 48.849  12.729 473.095
 48.949  12.698 473.163
 49.049  12.668 473.231
 49.149  12.638 473.299
 49.249  12.608 473.366
 49.349  12.578 473.433
 49.449  12.548 473.500
 49.550  12.518 473.566
 49.650  12.488 473.633
 49.750  12.459 473.698
 49.850  12.430 473.764
 49.950  12.401 473.829
 50.050  12.372 473.894
 50.150  12.343 473.958
 50.250  12.314 474.022
 50.350  12.285 474.086
 50.450  12.257 474.150
 50.551  12.228 474.213
 50.651  12.200 474.276
 50.751  12.172 474.339
 50.851  12.144 474.401
 50.951  12.116 474.463
 51.051  12.088 474.525
 51.151  12.061 474.587
 51.251  12.033 474.648
 51.351  12.006 474.709
 51.451  11.979 474.769
 51.552  11.952 474.830
 51.652  11.925 474.890
 51.752  11.898 474.950
 51.852  11.871 475.009
 51.952  11.844 475.068
 52.052  11.818 475.127
 52.152  11.791 475.186
 52.252  11.765 475.245
 52.352  11.739 475.303
 52.452  11.713 475.361
 52.553  11.687 475.418
 52.653  11.661 475.476
 52.753  11.635 475.533
 52.853  11.609 475.590
 52.953  11.584 475.646
 53.053  11.558 475.703
 53.153  11.533 475.759
 53.253  11.508 475.815
 53.353  11.483 475.870
 53.453  11.458 475.925
 53.554  11.433 475.981
 53.654  11.408 476.035
 53.754  11.383 476.090
 53.854  11.359 476.144
 53.954  11.334 476.199
 54.054  11.310 476.252
 54.154  11.286 476.306
 54.254  11.261 476.360
 54.354  11.237 476.413
 54.454  11.213 476.466
 54.555  11.189 476.518
 54.655  11.166 476.571
 54.755  11.142 476.623
 54.855  11.118 476.675
 54.955  11.095 476.727
 55.055  11.072 476.779
 55.155  11.048 476.830
 55.255  11.025 476.881
 55.355  11.002 476.932
 55.455  10.979 476.983
 55.556  10.956 477.033
 55.656  10.933 477.083
 55.756  10.910 477.133
 55.856  10.888 477.183
 55.956  10.865 477.233
 56.056  10.843 477.282
 56.156  10.820 477.332
 56.256  10.798 477.381
 56.356  10.776 477.429
 56.456  10.754 477.478
 56.557  10.732 477.526
 56.657  10.710 477.574
 56.757  10.688 477.622
 56.857  10.666 477.670
 56.957  10.645 477.718
 57.057  10.623 477.765
 57.157  10.602 477.812
 57.257  10.580 477.859
 57.357  10.559 477.906
 57.457  10.538 477.953
 57.558  10.516 477.999
 57.658  10.495 478.045
 57.758  10.474 478.091
 57.858  10.453 478.137
 57.958  10.433 478.183
 58.058  10.412 478.228
 58.158  10.391 478.274
 58.258  10.370 478.319
 58.358  10.350 478.364
 58.458  10.330 478.409
 58.559  10.309 478.453
 58.659  10.289 478.497
 58.759  10.269 478.542
 58.859  10.249 478.586
 58.959  10.229 478.630
 59.059  10.209 478.673
 59.159  10.189 478.717
 59.259  10.169 478.760
 59.359  10.149 478.803
 59.459  10.129 478.846
 59.560  10.110 478.889
 59.660  10.090 478.932
 59.760  10.071 478.974
 59.860  10.051 479.016
 59.960  10.032 479.059
 60.060  10.013 479.101
 60.160   9.994 479.142
 60.260   9.975 479.184
 60.360   9.956 479.225
 60.460   9.937 479.267
 60.561   9.918 479.308
 60.661   9.899 479.349
 60.761   9.880 479.390
 60.861   9.862 479.431
 60.961   9.843 479.471
 61.061   9.824 479.511
 61.161   9.806 479.552
 61.261   9.788 479.592
 61.361   9.769 479.632
 61.461   9.751 479.671
 61.562   9.733 479.711
 61.662   9.715 479.750
 61.762   9.697 479.790
 61.862   9.679 479.829
 61.962   9.661 479.868
 62.062   9.643 479.907
 62.162   9.625 479.946
 62.262   9.607 479.984
 62.362   9.590 480.023
 62.462   9.572 480.061
 62.563   9.554 480.099
 62.663   9.537 480.137
 62.763   9.520 480.175
 62.863   9.502 480.213
 62.963   9.485 480.250
 63.063   9.468 480.288
 63.163   9.450 480.325
 63.263   9.433 480.362
 63.363   9.416 480.399
 63.463   9.399 480.436
 63.564   9.382 480.473
 63.664   9.365 480.509
 63.764   9.349 480.546
 63.864   9.332 480.582
 63.964   9.315 480.618
 64.064   9.299 480.654
 64.164   9.282 480.690
 64.264   9.265 480.726
 64.364   9.249 480.762
 64.464   9.233 480.797
 64.565   9.216 480.833
 64.665   9.200 480.868
 64.765   9.184 480.903
 64.865   9.168 480.938
 64.965   9.151 480.973
 65.065   9.135 481.008
 65.165   9.119 481.043
 65.265   9.103 481.077
 65.365   9.087 481.112
 65.465   9.072 481.146
 65.566   9.056 481.180
 65.666   9.040 481.214
 65.766   9.024 481.248
 65.866   9.009 481.282
 65.966   8.993 481.316
 66.066   8.978 481.349
 66.166   8.962 481.383
 66.266   8.947 481.416
 66.366   8.931 481.449
 66.466   8.916 481.482
 66.567   8.901 481.515
 66.667   8.885 481.548
 66.767   8.870 481.581
 66.867   8.855 481.614
 66.967   8.840 481.646
 67.067   8.825 481.679
 67.167   8.810 481.711
 67.267   8.795 481.743
 67.367   8.780 481.775
 67.467   8.765 481.807
 67.568   8.751 481.839
 67.668   8.736 481.871
 67.768   8.721 481.903
 67.868   8.707 481.934
 67.968   8.692 481.965
 68.068   8.677 481.997
 68.168   8.663 482.028
 68.268   8.649 482.059
 68.368   8.634 482.090
 68.468   8.620 482.121
 68.569   8.606 482.152
 68.669   8.591 482.183
 68.769   8.577 482.213
 68.869   8.563 482.244
 68.969   8.549 482.274
 69.069   8.535 482.304
 69.169   8.521 482.335
 69.269   8.507 482.365
 69.369   8.493 482.395
 69.469   8.479 482.424
 69.570   8.465 482.454
 69.670   8.451 482.484
 69.770   8.437 482.514
 69.870   8.424 482.543
 69.970   8.410 482.572
 70.070   8.396 482.602
 70.170   8.383 482.631
 70.270   8.369 482.660
 70.370   8.356 482.689
 70.470   8.342 482.718
 70.571   8.329 482.747
 70.671   8.316 482.775
 70.771   8.302 482.804
 70.871   8.289 482.833
 70.971   8.276 482.861
 71.071   8.263 482.889
 71.171   8.249 482.918
 71.271   8.236 482.946
 71.371   8.223 482.974
 71.471   8.210 483.002
 71.572   8.197 483.030
 71.672   8.184 483.058
 71.772   8.171 483.085
 71.872   8.158 483.113
 71.972   8.146 483.140
 72.072   8.133 483.168
 72.172   8.120 483.195
 72.272   8.107 483.223
 72.372   8.095 483.250
 72.472   8.082 483.277
 72.573   8.069 483.304
 72.673   8.057 483.331
 72.773   8.044 483.358
 72.873   8.032 483.384
 72.973   8.019 483.411
 73.073   8.007 483.438
 73.173   7.994 483.464
 73.273   7.982 483.491
 73.373   7.970 483.517
 73.473   7.958 483.543
 73.574   7.945 483.569
 73.674   7.933 483.595
 73.774   7.921 483.621
 73.874   7.909 483.647
 73.974   7.897 483.673
 74.074   7.885 483.699
 74.174   7.873 483.725
 74.274   7.861 483.750
 74.374   7.849 483.776
 74.474   7.837 483.801
 74.575   7.825 483.827
 74.675   7.813 483.852
 74.775   7.801 483.877
 74.875   7.790 483.902
 74.975   7.778 483.927
 75.075   7.766 483.952
 75.175   7.755 483.977
 75.275   7.743 484.002
 75.375   7.731 484.027
 75.475   7.720 484.052
 75.576   7.708 484.076
 75.676   7.697 484.101
 75.776   7.685 484.125
 75.876   7.674 484.150
 75.976   7.663 484.174
 76.076   7.651 484.198
 76.176   7.640 484.222
 76.276   7.629 484.246
 76.376   7.617 484.270
 76.476   7.606 484.294
 76.577   7.595 484.318
 76.677   7.584 484.342
 76.777   7.573 484.366
 76.877   7.562 484.390
 76.977   7.550 484.413
 77.077   7.539 484.437
 77.177   7.528 484.460
 77.277   7.518 484.483
 77.377   7.507 484.507
 77.477   7.496 484.530
 77.578   7.485 484.553
 77.678   7.474 484.576
 77.778   7.463 484.599
 77.878   7.452 484.622
 77.978   7.442 484.645
 78.078   7.431 484.668
 78.178   7.420 484.691
 78.278   7.410 484.714
 78.378   7.399 484.736
 78.478   7.388 484.759
 78.579   7.378 484.781
 78.679   7.367 484.804
 78.779   7.357 484.826
 78.879   7.346 484.848
 78.979   7.336 484.871
 79.079   7.325 484.893
 79.179   7.315 484.915
 79.279   7.305 484.937
 79.379   7.294 484.959
 79.479   7.284 484.981
 79.580   7.274 485.003
 79.680   7.263 485.025
 79.780   7.253 485.046
 79.880   7.243 485.068
 79.980   7.233 485.090
 80.080   7.223 485.111
 80.180   7.213 485.133
 80.280   7.202 485.154
 80.380   7.192 485.176
 80.480   7.182 485.197
 80.581   7.172 485.218
 80.681   7.162 485.239
 80.781   7.152 485.261
 80.881   7.143 485.282
 80.981   7.133 485.303
 81.081   7.123 485.324
 81.181   7.113 485.344
 81.281   7.103 485.365
 81.381   7.093 485.386
 81.481   7.084 485.407
 81.582   7.074 485.427
 81.682   7.064 485.448
 81.782   7.055 485.469
 81.882   7.045 485.489
 81.982   7.035 485.510
 82.082   7.026 485.530
 82.182   7.016 485.550
 82.282   7.007 485.571
 82.382   6.997 485.591
 82.482   6.988 485.611
 82.583   6.978 485.631
 82.683   6.969 485.651
 82.783   6.959 485.671
 82.883   6.950 485.691
 82.983   6.940 485.711
 83.083   6.931 485.731
 83.183   6.922 485.750
 83.283   6.912 485.770
 83.383   6.903 485.790
 83.483   6.894 485.809
 83.584   6.885 485.829
 83.684   6.875 485.849
 83.784   6.866 485.868
 83.884   6.857 485.887
 83.984   6.848 485.907
 84.084   6.839 485.926
 84.184   6.830 485.945
 84.284   6.821 485.964
 84.384   6.812 485.984
 84.484   6.803 486.003
 84.585   6.794 486.022
 84.685   6.785 486.041
 84.785   6.776 486.060
 84.885   6.767 486.079
 84.985   6.758 486.097
 85.085   6.749 486.116
 85.185   6.740 486.135
 85.285   6.731 486.154
 85.385   6.723 486.172
 85.485   6.714 486.191
 85.586   6.705 486.209
 85.686   6.696 486.228
 85.786   6.688 486.246
 85.886   6.679 486.265
 85.986   6.670 486.283
 86.086   6.662 486.301
 86.186   6.653 486.320
 86.286   6.644 486.338
 86.386   6.636 486.356
 86.486   6.627 486.374
 86.587   6.619 486.392
 86.687   6.610 486.410
 86.787   6.602 486.428
 86.887   6.593 486.446
 86.987   6.585 486.464
 87.087   6.576 486.482
 87.187   6.568 486.499
 87.287   6.560 486.517
 87.387   6.551 486.535
 87.487   6.543 486.552
 87.588   6.535 486.570
 87.688   6.526 486.588
 87.788   6.518 486.605
 87.888   6.510 486.623
 87.988   6.502 486.640
 88.088   6.493 486.657
 88.188   6.485 486.675
 88.288   6.477 486.692
 88.388   6.469 486.709
 88.488   6.461 486.726
 88.589   6.453 486.743
 88.689   6.444 486.761
 88.789   6.436 486.778
 88.889   6.428 486.795
 88.989   6.420 486.812
 89.089   6.412 486.829
 89.189   6.404 486.845
 89.289   6.396 486.862
 89.389   6.388 486.879
 89.489   6.380 486.896
 89.590   6.372 486.913
 89.690   6.365 486.929
 89.790   6.357 486.946
 89.890   6.349 486.962
 89.990   6.341 486.979
 90.090   6.333 486.996
 90.190   6.325 487.012
 90.290   6.318 487.028
 90.390   6.310 487.045
 90.490   6.302 487.061
 90.591   6.294 487.077
 90.691   6.287 487.094
 90.791   6.279 487.110
 90.891   6.271 487.126
 90.991   6.264 487.142
 91.091   6.256 487.158
 91.191   6.248 487.174
 91.291   6.241 487.190
 91.391   6.233 487.206
 91.491   6.226 487.222
 91.592   6.218 487.238
 91.692   6.210 487.254
 91.792   6.203 487.270
 91.892   6.195 487.286
 91.992   6.188 487.302
 92.092   6.181 487.317
 92.192   6.173 487.333
 92.292   6.166 487.349
 92.392   6.158 487.364
 92.492   6.151 487.380
 92.593   6.144 487.395
 92.693   6.136 487.411
 92.793   6.129 487.426
 92.893   6.121 487.442
 92.993   6.114 487.457
 93.093   6.107 487.472
 93.193   6.100 487.488
 93.293   6.092 487.503
 93.393   6.085 487.518
 93.493   6.078 487.533
 93.594   6.071 487.548
 93.694   6.064 487.564
 93.794   6.056 487.579
 93.894   6.049 487.594
 93.994   6.042 487.609
 94.094   6.035 487.624
 94.194   6.028 487.639
 94.294   6.021 487.653
 94.394   6.014 487.668
 94.494   6.007 487.683
 94.595   6.000 487.698
 94.695   5.993 487.713
 94.795   5.986 487.727
 94.895   5.979 487.742
 94.995   5.972 487.757
 95.095   5.965 487.771
 95.195   5.958 487.786
 95.295   5.951 487.801
 95.395   5.944 487.815
 95.495   5.937 487.830
 95.596   5.930 487.844
 95.696   5.923 487.858
 95.796   5.917 487.873
 95.896   5.910 487.887
 95.996   5.903 487.901
 96.096   5.896 487.916
 96.196   5.889 487.930
 96.296   5.883 487.944
 96.396   5.876 487.958
 96.496   5.869 487.973
 96.597   5.862 487.987
 96.697   5.856 488.001
 96.797   5.849 488.015
 96.897   5.842 488.029
 96.997   5.836 488.043
 97.097   5.829 488.057
 97.197   5.822 488.071
 97.297   5.816 488.085
 97.397   5.809 488.098
 97.497   5.803 488.112
 97.598   5.796 488.126
 97.698   5.789 488.140
 97.798   5.783 488.153
 97.898   5.776 488.167
 97.998   5.770 488.181
 98.098   5.763 488.194
 98.198   5.757 488.208
 98.298   5.750 488.222
 98.398   5.744 488.235
 98.498   5.738 488.249
 98.599   5.731 488.262
 98.699   5.725 488.276
 98.799   5.718 488.289
 98.899   5.712 488.302
 98.999   5.706 488.316
 99.099   5.699 488.329
 99.199   5.693 488.342
 99.299   5.687 488.356
 99.399   5.680 488.369
 99.499   5.674 488.382
 99.600   5.668 488.395
 99.700   5.661 488.409
 99.800   5.655 488.422
 99.900   5.649 488.435
100.000   5.643 488.448
