# ALPHA_1 0.002
# ALPHA_2 0.001
# BETTA_1 0.004
# BETTA_2 0.001
# GAMMA_1 0.500
# GAMMA_2 0.500
# Y0 25.000
# Z0 25.000
# X_BEG 0.000
# X_END 100.000
# XDOTS_NUM 1000
# DX 0.100
  0.000  25.000  25.000
  0.100  25.950  26.083
  0.200  26.923  27.204
  0.300  27.918  28.365
  0.400  28.934  29.565
  0.501  29.972  30.807
  0.601  31.030  32.090
  0.701  32.107  33.414
  0.801  33.203  34.781
  0.901  34.317  36.191
  1.001  35.446  37.645
  1.101  36.591  39.142
  1.201  37.750  40.683
  1.301  38.921  42.268
  1.401  40.103  43.897
  1.502  41.294  45.571
  1.602  42.494  47.290
  1.702  43.699  49.053
  1.802  44.909  50.860
  1.902  46.121  52.711
  2.002  47.335  54.607
  2.102  48.547  56.546
  2.202  49.757  58.527
  2.302  50.962  60.552
  2.402  52.160  62.619
  2.503  53.350  64.727
  2.603  54.529  66.876
  2.703  55.696  69.066
  2.803  56.850  71.295
  2.903  57.987  73.562
  3.003  59.107  75.866
  3.103  60.208  78.208
  3.203  61.288  80.585
  3.303  62.345  82.996
  3.403  63.379  85.442
  3.504  64.388  87.919
  3.604  65.371  90.428
  3.704  66.326  92.966
  3.804  67.252  95.534
  3.904  68.149  98.129
  4.004  69.016 100.751
  4.104  69.851 103.398
  4.204  70.655 106.068
  4.304  71.426 108.762
  4.404  72.164 111.476
  4.505  72.868 114.211
  4.605  73.539 116.965
  4.705  74.177 119.736
  4.805  74.780 122.524
  4.905  75.350 125.326
  5.005  75.886 128.143
  5.105  76.388 130.972
  5.205  76.856 133.813
  5.305  77.292 136.664
  5.405  77.695 139.524
  5.506  78.065 142.392
  5.606  78.404 145.267
  5.706  78.711 148.148
  5.806  78.987 151.033
  5.906  79.233 153.922
  6.006  79.450 156.814
  6.106  79.637 159.708
  6.206  79.796 162.602
  6.306  79.928 165.495
  6.406  80.033 168.388
  6.507  80.112 171.278
  6.607  80.166 174.165
  6.707  80.196 177.048
  6.807  80.201 179.927
  6.907  80.184 182.800
  7.007  80.145 185.666
  7.107  80.084 188.525
  7.207  80.003 191.377
  7.307  79.902 194.219
  7.407  79.782 197.052
  7.508  79.644 199.875
  7.608  79.488 202.688
  7.708  79.316 205.489
  7.808  79.127 208.277
  7.908  78.923 211.054
  8.008  78.705 213.817
  8.108  78.472 216.566
  8.208  78.227 219.301
  8.308  77.968 222.021
  8.408  77.698 224.725
  8.509  77.416 227.414
  8.609  77.123 230.086
  8.709  76.820 232.742
  8.809  76.508 235.380
  8.909  76.186 238.001
  9.009  75.856 240.603
  9.109  75.518 243.188
  9.209  75.172 245.753
  9.309  74.819 248.299
  9.409  74.460 250.826
  9.510  74.094 253.334
  9.610  73.722 255.821
  9.710  73.345 258.288
  9.810  72.964 260.734
  9.910  72.577 263.160
 10.010  72.187 265.565
 10.110  71.793 267.948
 10.210  71.395 270.310
 10.310  70.994 272.651
 10.410  70.590 274.970
 10.511  70.184 277.267
 10.611  69.775 279.542
 10.711  69.365 281.795
 10.811  68.952 284.025
 10.911  68.539 286.234
 11.011  68.124 288.420
 11.111  67.708 290.583
 11.211  67.291 292.725
 11.311  66.874 294.843
 11.411  66.457 296.940
 11.512  66.039 299.014
 11.612  65.622 301.065
 11.712  65.204 303.094
 11.812  64.788 305.100
 11.912  64.371 307.084
 12.012  63.956 309.045
 12.112  63.541 310.984
 12.212  63.127 312.901
 12.312  62.714 314.796
 12.412  62.303 316.668
 12.513  61.892 318.519
 12.613  61.484 320.348
 12.713  61.077 322.154
 12.813  60.671 323.939
 12.913  60.267 325.703
 13.013  59.865 327.445
 13.113  59.466 329.166
 13.213  59.068 330.866
 13.313  58.672 332.544
 13.413  58.278 334.202
 13.514  57.886 335.839
 13.614  57.497 337.455
 13.714  57.110 339.051
 13.814  56.725 340.627
 13.914  56.343 342.183
 14.014  55.963 343.719
 14.114  55.586 345.235
 14.214  55.211 346.732
 14.314  54.839 348.209
 14.414  54.470 349.668
 14.515  54.103 351.107
 14.615  53.738 352.528
 14.715  53.377 353.930
 14.815  53.018 355.314
 14.915  52.661 356.679
 15.015  52.308 358.027
 15.115  51.957 359.357
 15.215  51.609 360.670
 15.315  51.264 361.965
 15.415  50.921 363.243
 15.516  50.581 364.504
 15.616  50.244 365.748
 15.716  49.910 366.976
 15.816  49.579 368.188
 15.916  49.250 369.383
 16.016  48.924 370.563
 16.116  48.601 371.727
 16.216  48.281 372.875
 16.316  47.963 374.008
 16.416  47.648 375.127
 16.517  47.336 376.230
 16.617  47.027 377.318
 16.717  46.720 378.392
 16.817  46.416 379.452
 16.917  46.115 380.498
 17.017  45.817 381.530
 17.117  45.521 382.548
 17.217  45.228 383.552
 17.317  44.937 384.544
 17.417  44.649 385.522
 17.518  44.364 386.487
 17.618  44.081 387.440
 17.718  43.801 388.380
 17.818  43.524 389.307
 17.918  43.249 390.223
 18.018  42.976 391.126
 18.118  42.706 392.017
 18.218  42.439 392.897
 18.318  42.174 393.766
 18.418  41.912 394.623
 18.519  41.652 395.469
 18.619  41.394 396.303
 18.719  41.139 397.127
 18.819  40.886 397.941
 18.919  40.636 398.744
 19.019  40.387 399.536
 19.119  40.142 400.319
 19.219  39.898 401.091
 19.319  39.657 401.853
 19.419  39.418 402.606
 19.520  39.181 403.349
 19.620  38.947 404.083
 19.720  38.714 404.807
 19.820  38.484 405.523
 19.920  38.256 406.229
 20.020  38.030 406.926
 20.120  37.807 407.615
 20.220  37.585 408.295
 20.320  37.365 408.967
 20.420  37.148 409.630
 20.521  36.932 410.285
 20.621  36.719 410.932
 20.721  36.508 411.571
 20.821  36.298 412.202
 20.921  36.090 412.825
 21.021  35.885 413.441
 21.121  35.681 414.049
 21.221  35.479 414.650
 21.321  35.279 415.244
 21.421  35.081 415.831
 21.522  34.885 416.410
 21.622  34.690 416.983
 21.722  34.498 417.549
 21.822  34.307 418.108
 21.922  34.118 418.660
 22.022  33.930 419.206
 22.122  33.745 419.746
 22.222  33.561 420.279
 22.322  33.378 420.806
 22.422  33.198 421.327
 22.523  33.019 421.842
 22.623  32.841 422.350
 22.723  32.665 422.853
 22.823  32.491 423.351
 22.923  32.319 423.842
 23.023  32.148 424.328
 23.123  31.978 424.809
 23.223  31.810 425.284
 23.323  31.643 425.754
 23.423  31.478 426.218
 23.524  31.315 426.677
 23.624  31.153 427.131
 23.724  30.992 427.581
 23.824  30.833 428.025
 23.924  30.675 428.464
 24.024  30.519 428.898
 24.124  30.364 429.328
 24.224  30.210 429.753
 24.324  30.058 430.174
 24.424  29.907 430.590
 24.525  29.757 431.001
 24.625  29.609 431.408
 24.725  29.462 431.811
 24.825  29.316 432.209
 24.925  29.171 432.603
 25.025  29.028 432.993
 25.125  28.886 433.379
 25.225  28.745 433.761
 25.325  28.605 434.139
 25.425  28.467 434.513
 25.526  28.330 434.883
 25.626  28.194 435.249
 25.726  28.059 435.612
 25.826  27.925 435.971
 25.926  27.792 436.326
 26.026  27.661 436.677
 26.126  27.530 437.025
 26.226  27.401 437.370
 26.326  27.272 437.711
 26.426  27.145 438.048
 26.527  27.019 438.383
 26.627  26.894 438.714
 26.727  26.770 439.041
 26.827  26.647 439.366
 26.927  26.525 439.687
 27.027  26.404 440.005
 27.127  26.283 440.320
 27.227  26.164 440.632
 27.327  26.046 440.941
 27.427  25.929 441.247
 27.528  25.813 441.550
 27.628  25.698 441.850
 27.728  25.583 442.148
 27.828  25.470 442.442
 27.928  25.357 442.734
 28.028  25.246 443.023
 28.128  25.135 443.309
 28.228  25.025 443.593
 28.328  24.916 443.874
 28.428  24.808 444.152
 28.529  24.700 444.428
 28.629  24.594 444.701
 28.729  24.488 444.972
 28.829  24.383 445.240
 28.929  24.279 445.506
 29.029  24.176 445.770
 29.129  24.074 446.031
 29.229  23.972 446.290
 29.329  23.871 446.546
 29.429  23.771 446.800
 29.530  23.672 447.052
 29.630  23.574 447.302
 29.730  23.476 447.549
 29.830  23.379 447.794
 29.930  23.282 448.038
 30.030  23.187 448.279
 30.130  23.092 448.518
 30.230  22.998 448.754
 30.330  22.904 448.989
 30.430  22.812 449.222
 30.531  22.720 449.453
 30.631  22.628 449.682
 30.731  22.537 449.908
 30.831  22.447 450.133
 30.931  22.358 450.357
 31.031  22.269 450.578
 31.131  22.181 450.797
 31.231  22.094 451.015
 31.331  22.007 451.230
 31.431  21.921 451.444
 31.532  21.835 451.656
 31.632  21.750 451.867
 31.732  21.666 452.075
 31.832  21.582 452.282
 31.932  21.499 452.488
 32.032  21.417 452.691
 32.132  21.335 452.893
 32.232  21.253 453.094
 32.332  21.173 453.292
 32.432  21.092 453.490
 32.533  21.013 453.685
 32.633  20.934 453.879
 32.733  20.855 454.072
 32.833  20.777 454.263
 32.933  20.700 454.452
 33.033  20.623 454.640
 33.133  20.546 454.827
 33.233  20.471 455.012
 33.333  20.395 455.195
 33.433  20.320 455.377
 33.534  20.246 455.558
 33.634  20.172 455.738
 33.734  20.099 455.916
 33.834  20.026 456.092
 33.934  19.954 456.268
 34.034  19.882 456.442
 34.134  19.811 456.614
 34.234  19.740 456.786
 34.334  19.669 456.956
 34.434  19.599 457.125
 34.535  19.530 457.292
 34.635  19.461 457.459
 34.735  19.392 457.624
 34.835  19.324 457.788
 34.935  19.257 457.951
 35.035  19.189 458.112
 35.135  19.123 458.272
 35.235  19.056 458.431
 35.335  18.991 458.589
 35.435  18.925 458.746
 35.536  18.860 458.902
 35.636  18.795 459.057
 35.736  18.731 459.210
 35.836  18.667 459.363
 35.936  18.604 459.514
 36.036  18.541 459.664
 36.136  18.478 459.813
 36.236  18.416 459.962
 36.336  18.354 460.109
 36.436  18.293 460.255
 36.537  18.232 460.400
 36.637  18.171 460.544
 36.737  18.111 460.687
 36.837  18.051 460.829
 36.937  17.992 460.970
 37.037  17.933 461.110
 37.137  17.874 461.249
 37.237  17.815 461.387
 37.337  17.757 461.525
 37.437  17.700 461.661
 37.538  17.642 461.796
 37.638  17.585 461.931
 37.738  17.529 462.064
 37.838  17.472 462.197
 37.938  17.417 462.329
 38.038  17.361 462.460
 38.138  17.306 462.590
 38.238  17.251 462.719
 38.338  17.196 462.847
 38.438  17.142 462.975
 38.539  17.088 463.101
 38.639  17.034 463.227
 38.739  16.981 463.352
 38.839  16.928 463.476
 38.939  16.875 463.600
 39.039  16.823 463.722
 39.139  16.771 463.844
 39.239  16.719 463.965
 39.339  16.667 464.085
 39.439  16.616 464.205
 39.540  16.565 464.323
 39.640  16.515 464.441
 39.740  16.465 464.559
 39.840  16.415 464.675
 39.940  16.365 464.791
 40.040  16.316 464.906
 40.140  16.266 465.020
 40.240  16.218 465.134
 40.340  16.169 465.246
 40.440  16.121 465.359
 40.541  16.073 465.470
 40.641  16.025 465.581
 40.741  15.977 465.691
 40.841  15.930 465.800
 40.941  15.883 465.909
 41.041  15.837 466.017
 41.141  15.790 466.125
 41.241  15.744 466.231
 41.341  15.698 466.337
 41.441  15.652 466.443
 41.542  15.607 466.548
 41.642  15.562 466.652
 41.742  15.517 466.755
 41.842  15.472 466.858
 41.942  15.428 466.961
 42.042  15.384 467.063
 42.142  15.340 467.164
 42.242  15.296 467.264
 42.342  15.253 467.364
 42.442  15.210 467.464
 42.543  15.167 467.562
 42.643  15.124 467.661
 42.743  15.081 467.758
 42.843  15.039 467.855
 42.943  14.997 467.952
 43.043  14.955 468.048
 43.143  14.914 468.143
 43.243  14.872 468.238
 43.343  14.831 468.332
 43.443  14.790 468.426
 43.544  14.749 468.519
 43.644  14.709 468.612
 43.744  14.669 468.704
 43.844  14.628 468.796
 43.944  14.589 468.887
 44.044  14.549 468.977
 44.144  14.509 469.068
 44.244  14.470 469.157
 44.344  14.431 469.246
 44.444  14.392 469.335
 44.545  14.354 469.423
 44.645  14.315 469.511
 44.745  14.277 469.598
 44.845  14.239 469.684
 44.945  14.201 469.771
 45.045  14.163 469.856
 45.145  14.126 469.942
 45.245  14.088 470.026
 45.345  14.051 470.111
 45.445  14.014 470.194
 45.546  13.978 470.278
 45.646  13.941 470.361
 45.746  13.905 470.443
 45.846  13.869 470.525
 45.946  13.833 470.607
 46.046  13.797 470.688
 46.146  13.761 470.769
 46.246  13.726 470.849
 46.346  13.690 470.929
 46.446  13.655 471.009
 46.547  13.620 471.088
 46.647  13.585 471.166
 46.747  13.551 471.244
 46.847  13.516 471.322
 46.947  13.482 471.400
 47.047  13.448 471.477
 47.147  13.414 471.553
 47.247  13.380 471.629
 47.347  13.347 471.705
 47.447  13.313 471.781
 47.548  13.280 471.856
 47.648  13.247 471.930
 47.748  13.214 472.005
 47.848  13.181 472.078
 47.948  13.149 472.152
 48.048  13.116 472.225
 48.148  13.084 472.298
 48.248  13.052 472.370
 48.348  13.019 472.442
 48.448  12.988 472.514
 48.549  12.956 472.585
 48.649  12.924 472.656
 48.749  12.893 472.727
 48.849  12.862 472.797
 48.949  12.830 472.867
 49.049  12.799 472.936
 49.149  12.769 473.005
 49.249  12.738 473.074
 49.349  12.707 473.143
 49.449  12.677 473.211
 49.550  12.647 473.279
 49.650  12.616 473.346
 49.750  12.586 473.413
 49.850  12.557 473.480
 49.950  12.527 473.547
 50.050  12.497 473.613
 50.150  12.468 473.679
 50.250  12.439 473.744
 50.350  12.409 473.809
 50.450  12.380 473.874
 50.551  12.351 473.939
 50.651  12.323 474.003
 50.751  12.294 474.067
 50.851  12.265 474.131
 50.951  12.237 474.194
 51.051  12.209 474.257
 51.151  12.180 474.320
 51.251  12.152 474.383
 51.351  12.125 474.445
 51.451  12.097 474.507
 51.552  12.069 474.568
 51.652  12.042 474.630
 51.752  12.014 474.691
 51.852  11.987 474.751
 51.952  11.960 474.812
 52.052  11.933 474.872
 52.152  11.906 474.932
 52.252  11.879 474.991
 52.352  11.852 475.051
 52.452  11.826 475.110
 52.553  11.799 475.169
 52.653  11.773 475.227
 52.753  11.746 475.285
 52.853  11.720 475.343
 52.953  11.694 475.401
 53.053  11.668 475.459
 53.153  11.643 475.516
 53.253  11.617 475.573
 53.353  11.591 475.629
 53.453  11.566 475.686
 53.554  11.541 475.742
 53.654  11.515 475.798
 53.754  11.490 475.854
 53.854  11.465 475.909
 53.954  11.440 475.964
 54.054  11.415 476.019
 54.154  11.391 476.074
 54.254  11.366 476.128
 54.354  11.342 476.182
 54.454  11.317 476.236
 54.555  11.293 476.290
 54.655  11.269 476.344
 54.755  11.244 476.397
 54.855  11.220 476.450
 54.955  11.197 476.503
 55.055  11.173 476.555
 55.155  11.149 476.608
 55.255  11.125 476.660
 55.355  11.102 476.712
 55.455  11.078 476.763
 55.556  11.055 476.815
 55.656  11.032 476.866
 55.756  11.009 476.917
 55.856  10.986 476.968
 55.956  10.963 477.018
 56.056  10.940 477.068
 56.156  10.917 477.119
 56.256  10.894 477.168
 56.356  10.872 477.218
 56.456  10.849 477.268
 56.557  10.827 477.317
 56.657  10.805 477.366
 56.757  10.783 477.415
 56.857  10.760 477.463
 56.957  10.738 477.512
 57.057  10.716 477.560
 57.157  10.695 477.608
 57.257  10.673 477.656
 57.357  10.651 477.704
 57.457  10.629 477.751
 57.558  10.608 477.798
 57.658  10.586 477.845
 57.758  10.565 477.892
 57.858  10.544 477.939
 57.958  10.523 477.985
 58.058  10.502 478.032
 58.158  10.481 478.078
 58.258  10.460 478.124
 58.358  10.439 478.169
 58.458  10.418 478.215
 58.559  10.397 478.260
 58.659  10.377 478.305
 58.759  10.356 478.350
 58.859  10.336 478.395
 58.959  10.315 478.440
 59.059  10.295 478.484
 59.159  10.275 478.529
 59.259  10.255 478.573
 59.359  10.234 478.617
 59.459  10.214 478.660
 59.560  10.195 478.704
 59.660  10.175 478.747
 59.760  10.155 478.790
 59.860  10.135 478.833
 59.960  10.116 478.876
 60.060  10.096 478.919
 60.160  10.077 478.961
 60.260  10.057 479.004
 60.360  10.038 479.046
 60.460  10.019 479.088
 60.561   9.999 479.130
 60.661   9.980 479.172
 60.761   9.961 479.213
 60.861   9.942 479.255
 60.961   9.923 479.296
 61.061   9.905 479.337
 61.161   9.886 479.378
 61.261   9.867 479.418
 61.361   9.849 479.459
 61.461   9.830 479.499
 61.562   9.812 479.540
 61.662   9.793 479.580
 61.762   9.775 479.620
 61.862   9.756 479.660
 61.962   9.738 479.699
 62.062   9.720 479.739
 62.162   9.702 479.778
 62.262   9.684 479.817
 62.362   9.666 479.856
 62.462   9.648 479.895
 62.563   9.630 479.934
 62.663   9.613 479.973
 62.763   9.595 480.011
 62.863   9.577 480.049
 62.963   9.560 480.088
 63.063   9.542 480.126
 63.163   9.525 480.164
 63.263   9.507 480.201
 63.363   9.490 480.239
 63.463   9.473 480.276
 63.564   9.456 480.314
 63.664   9.438 480.351
 63.764   9.421 480.388
 63.864   9.404 480.425
 63.964   9.387 480.462
 64.064   9.371 480.498
 64.164   9.354 480.535
 64.264   9.337 480.571
 64.364   9.320 480.607
 64.464   9.304 480.644
 64.565   9.287 480.680
 64.665   9.270 480.715
 64.765   9.254 480.751
 64.865   9.237 480.787
 64.965   9.221 480.822
 65.065   9.205 480.858
 65.165   9.189 480.893
 65.265   9.172 480.928
 65.365   9.156 480.963
 65.465   9.140 480.998
 65.566   9.124 481.032
 65.666   9.108 481.067
 65.766   9.092 481.101
 65.866   9.076 481.136
 65.966   9.060 481.170
 66.066   9.045 481.204
 66.166   9.029 481.238
 66.266   9.013 481.272
 66.366   8.998 481.306
 66.466   8.982 481.339
 66.567   8.967 481.373
 66.667   8.951 481.406
 66.767   8.936 481.439
 66.867   8.920 481.473
 66.967   8.905 481.506
 67.067   8.890 481.538
 67.167   8.875 481.571
 67.267   8.860 481.604
 67.367   8.845 481.637
 67.467   8.829 481.669
 67.568   8.814 481.701
 67.668   8.800 481.734
 67.768   8.785 481.766
 67.868   8.770 481.798
 67.968   8.755 481.830
 68.068   8.740 481.861
 68.168   8.726 481.893
 68.268   8.711 481.925
 68.368   8.696 481.956
 68.468   8.682 481.988
 68.569   8.667 482.019
 68.669   8.653 482.050
 68.769   8.638 482.081
 68.869   8.624 482.112
 68.969   8.610 482.143
 69.069   8.595 482.173
 69.169   8.581 482.204
 69.269   8.567 482.235
 69.369   8.553 482.265
 69.469   8.539 482.295
 69.570   8.525 482.326
 69.670   8.511 482.356
 69.770   8.497 482.386
 69.870   8.483 482.416
 69.970   8.469 482.445
 70.070   8.455 482.475
 70.170   8.442 482.505
 70.270   8.428 482.534
 70.370   8.414 482.564
 70.470   8.401 482.593
 70.571   8.387 482.622
 70.671   8.373 482.651
 70.771   8.360 482.680
 70.871   8.346 482.709
 70.971   8.333 482.738
 71.071   8.320 482.767
 71.171   8.306 482.796
 71.271   8.293 482.824
 71.371   8.280 482.853
 71.471   8.266 482.881
 71.572   8.253 482.909
 71.672   8.240 482.937
 71.772   8.227 482.966
 71.872   8.214 482.994
 71.972   8.201 483.021
 72.072   8.188 483.049
 72.172   8.175 483.077
 72.272   8.162 483.105
 72.372   8.149 483.132
 72.472   8.137 483.160
 72.573   8.124 483.187
 72.673   8.111 483.214
 72.773   8.098 483.242
 72.873   8.086 483.269
 72.973   8.073 483.296
 73.073   8.060 483.323
 73.173   8.048 483.350
 73.273   8.035 483.376
 73.373   8.023 483.403
 73.473   8.011 483.430
 73.574   7.998 483.456
 73.674   7.986 483.483
 73.774   7.974 483.509
 73.874   7.961 483.535
 73.974   7.949 483.562
 74.074   7.937 483.588
 74.174   7.925 483.614
 74.274   7.912 483.640
 74.374   7.900 483.666
 74.474   7.888 483.691
 74.575   7.876 483.717
 74.675   7.864 483.743
 74.775   7.852 483.768
 74.875   7.840 483.794
 74.975   7.829 483.819
 75.075   7.817 483.844
 75.175   7.805 483.870
 75.275   7.793 483.895
 75.375   7.781 483.920
 75.475   7.770 483.945
 75.576   7.758 483.970
 75.676   7.746 483.995
 75.776   7.735 484.020
 75.876   7.723 484.044
 75.976   7.712 484.069
 76.076   7.700 484.093
 76.176   7.689 484.118
 76.276   7.677 484.142
 76.376   7.666 484.167
 76.476   7.655 484.191
 76.577   7.643 484.215
 76.677   7.632 484.239
 76.777   7.621 484.263
 76.877   7.609 484.287
 76.977   7.598 484.311
 77.077   7.587 484.335
 77.177   7.576 484.359
 77.277   7.565 484.382
 77.377   7.554 484.406
 77.477   7.543 484.430
 77.578   7.532 484.453
 77.678   7.521 484.477
 77.778   7.510 484.500
 77.878   7.499 484.523
 77.978   7.488 484.546
 78.078   7.477 484.569
 78.178   7.466 484.593
 78.278   7.456 484.616
 78.378   7.445 484.638
 78.478   7.434 484.661
 78.579   7.423 484.684
 78.679   7.413 484.707
 78.779   7.402 484.729
 78.879   7.391 484.752
 78.979   7.381 484.775
 79.079   7.370 484.797
 79.179   7.360 484.819
 79.279   7.349 484.842
 79.379   7.339 484.864
 79.479   7.328 484.886
 79.580   7.318 484.908
 79.680   7.308 484.931
 79.780   7.297 484.953
 79.880   7.287 484.974
 79.980   7.277 484.996
 80.080   7.266 485.018
 80.180   7.256 485.040
 80.280   7.246 485.062
 80.380   7.236 485.083
 80.480   7.226 485.105
 80.581   7.216 485.126
 80.681   7.205 485.148
 80.781   7.195 485.169
 80.881   7.185 485.191
 80.981   7.175 485.212
 81.081   7.165 485.233
 81.181   7.155 485.254
 81.281   7.146 485.275
 81.381   7.136 485.296
 81.481   7.126 485.317
 81.582   7.116 485.338
 81.682   7.106 485.359
 81.782   7.096 485.380
 81.882   7.087 485.401
 81.982   7.077 485.421
 82.082   7.067 485.442
 82.182   7.057 485.463
 82.282   7.048 485.483
 82.382   7.038 485.503
 82.482   7.029 485.524
 82.583   7.019 485.544
 82.683   7.009 485.565
 82.783   7.000 485.585
 82.883   6.990 485.605
 82.983   6.981 485.625
 83.083   6.971 485.645
 83.183   6.962 485.665
 83.283   6.953 485.685
 83.383   6.943 485.705
 83.483   6.934 485.725
 83.584   6.924 485.745
 83.684   6.915 485.764
 83.784   6.906 485.784
 83.884   6.897 485.804
 83.984   6.887 485.823
 84.084   6.878 485.843
 84.184   6.869 485.862
 84.284   6.860 485.882
 84.384   6.851 485.901
 84.484   6.842 485.920
 84.585   6.833 485.940
 84.685   6.823 485.959
 84.785   6.814 485.978
 84.885   6.805 485.997
 84.985   6.796 486.016
 85.085   6.787 486.035
 85.185   6.779 486.054
 85.285   6.770 486.073
 85.385   6.761 486.092
 85.485   6.752 486.111
 85.586   6.743 486.129
 85.686   6.734 486.148
 85.786   6.725 486.167
 85.886   6.717 486.185
 85.986   6.708 486.204
 86.086   6.699 486.222
 86.186   6.690 486.241
 86.286   6.682 486.259
 86.386   6.673 486.278
 86.486   6.664 486.296
 86.587   6.656 486.314
 86.687   6.647 486.332
 86.787   6.638 486.350
 86.887   6.630 486.369
 86.987   6.621 486.387
 87.087   6.613 486.405
 87.187   6.604 486.423
 87.287   6.596 486.441
 87.387   6.587 486.458
 87.487   6.579 486.476
 87.588   6.571 486.494
 87.688   6.562 486.512
 87.788   6.554 486.530
 87.888   6.545 486.547
 87.988   6.537 486.565
 88.088   6.529 486.582
 88.188   6.521 486.600
 88.288   6.512 486.617
 88.388   6.504 486.635
 88.488   6.496 486.652
 88.589   6.488 486.669
 88.689   6.479 486.687
 88.789   6.471 486.704
 88.889   6.463 486.721
 88.989   6.455 486.738
 89.089   6.447 486.755
 89.189   6.439 486.773
 89.289   6.431 486.790
 89.389   6.423 486.807
 89.489   6.415 486.824
 89.590   6.407 486.840
 89.690   6.399 486.857
 89.790   6.391 486.874
 89.890   6.383 486.891
 89.990   6.375 486.908
 90.090   6.367 486.924
 90.190   6.359 486.941
 90.290   6.351 486.958
 90.390   6.343 486.974
 90.490   6.335 486.991
 90.591   6.328 487.007
 90.691   6.320 487.024
 90.791   6.312 487.040
 90.891   6.304 487.056
 90.991   6.297 487.073
 91.091   6.289 487.089
 91.191   6.281 487.105
 91.291   6.273 487.121
 91.391   6.266 487.137
 91.491   6.258 487.154
 91.592   6.251 487.170
 91.692   6.243 487.186
 91.792   6.235 487.202
 91.892   6.228 487.218
 91.992   6.220 487.234
 92.092   6.213 487.249
 92.192   6.205 487.265
 92.292   6.198 487.281
 92.392   6.190 487.297
 92.492   6.183 487.313
 92.593   6.175 487.328
 92.693   6.168 487.344
 92.793   6.160 487.360
 92.893   6.153 487.375
 92.993   6.146 487.391
 93.093   6.138 487.406
 93.193   6.131 487.422
 93.293   6.124 487.437
 93.393   6.116 487.452
 93.493   6.109 487.468
 93.594   6.102 487.483
 93.694   6.095 487.498
 93.794   6.087 487.514
 93.894   6.080 487.529
 93.994   6.073 487.544
 94.094   6.066 487.559
 94.194   6.059 487.574
 94.294   6.051 487.589
 94.394   6.044 487.604
 94.494   6.037 487.619
 94.595   6.030 487.634
 94.695   6.023 487.649
 94.795   6.016 487.664
 94.895   6.009 487.679
 94.995   6.002 487.694
 95.095   5.995 487.708
 95.195   5.988 487.723
 95.295   5.981 487.738
 95.395   5.974 487.752
 95.495   5.967 487.767
 95.596   5.960 487.782
 95.696   5.953 487.796
 95.796   5.946 487.811
 95.896   5.939 487.825
 95.996   5.932 487.840
 96.096   5.925 487.854
 96.196   5.919 487.868
 96.296   5.912 487.883
 96.396   5.905 487.897
 96.496   5.898 487.911
 96.597   5.891 487.926
 96.697   5.885 487.940
 96.797   5.878 487.954
 96.897   5.871 487.968
 96.997   5.864 487.982
 97.097   5.858 487.997
 97.197   5.851 488.011
 97.297   5.844 488.025
 97.397   5.838 488.039
 97.497   5.831 488.053
 97.598   5.824 488.066
 97.698   5.818 488.080
 97.798   5.811 488.094
 97.898   5.805 488.108
 97.998   5.798 488.122
 98.098   5.791 488.136
 98.198   5.785 488.149
 98.298   5.778 488.163
 98.398   5.772 488.177
 98.498   5.765 488.190
 98.599   5.759 488.204
 98.699   5.752 488.218
 98.799   5.746 488.231
 98.899   5.739 488.245
 98.999   5.733 488.258
 99.099   5.727 488.272
 99.199   5.720 488.285
 99.299   5.714 488.298
 99.399   5.707 488.312
 99.499   5.701 488.325
 99.600   5.695 488.339
 99.700   5.688 488.352
 99.800   5.682 488.365
 99.900   5.676 488.378
100.000   5.670 488.391
